275.50 	1.441		1.31
281.80 	1.476		1.26
288.30 	1.502		1.19
295.20 	1.519		1.08
298.80 	1.522		0.992
302.40 	1.496		0.882
306.10 	1.432		0.766
310.00 	1.323		0.647
311.50 	1.246		0.586
313.90 	1.149		0.54
315.50 	1.044		0.514
317.90 	0.932		0.504
319.50 	0.815		0.526
322.00 	0.708		0.565
323.70 	0.616		0.609
326.30 	0.526		0.663
330.60 	0.371		0.813
332.40 	0.321		0.902
335.10 	0.294		0.986
339.70 	0.259		1.12
344.40 	0.238		1.24
354.20 	0.209		1.44
364.70 	0.186		1.61
371.15 	0.19974343	1.64782941
372.74 	0.19287787	1.66792632
374.33 	0.18630001	1.68811396
375.92 	0.18002648	1.70835425
377.52 	0.1740645	1.72861201
379.11 	0.16841419	1.74885516
380.70 	0.16307032	1.76905521
382.29 	0.15802353	1.78918835
383.89 	0.15326195	1.80923412
385.48 	0.14877189	1.82917602
387.07 	0.14453869	1.8490012
388.66 	0.14054738	1.86869941
390.25 	0.13678311	1.88826267
391.85 	0.13323125	1.90768573
393.44 	0.12987785	1.92696456
395.03 	0.12670957	1.94609699
396.62 	0.12371378	1.96508233
398.21 	0.1208787	1.98392064
399.81 	0.11819342	2.00261223
401.40 	0.11564761	2.02115919
402.99 	0.11323181	2.03956358
404.58 	0.11093729	2.05782753
406.17 	0.10875595	2.07595378
407.77 	0.10668029	2.09394556
409.36 	0.10470344	2.11180571
410.95 	0.10281902	2.12953771
412.54 	0.10102122	2.14714427
414.13 	0.0993046	2.16462924
415.73 	0.09766415	2.18199589
417.32 	0.09609534	2.19924696
418.91 	0.09459385	2.21638619
420.50 	0.09315581	2.23341623
422.09 	0.09177748	2.2503412
423.68 	0.09045564	2.26716259
425.28 	0.08918702	2.28388488
426.87 	0.08796883	2.30050991
428.46 	0.08679836	2.31704046
430.05 	0.08567304	2.33348023
431.64 	0.08459062	2.34983082
433.24 	0.08354893	2.36609476
434.83 	0.08254592	2.38227498
436.42 	0.08157969	2.39837384
438.01 	0.08064851	2.41439311
439.60 	0.07975071	2.43033549
441.19 	0.07888477	2.4462026
442.78 	0.07804922	2.46199698
444.38 	0.07724271	2.47772011
445.97 	0.07646396	2.49337437
447.56 	0.07571176	2.50896161
449.15 	0.07498501	2.52448311
450.74 	0.07428262	2.53994105
452.33 	0.07360362	2.55533662
453.92 	0.07294706	2.5706714
455.52 	0.072312		2.58594787
457.11 	0.07169767	2.6011661
458.70 	0.07110322	2.61632846
460.29 	0.07052791	2.63143634
461.88 	0.06997103	2.6464906
463.47 	0.0694319	2.66149299
465.06 	0.06890988	2.6764443
466.66 	0.06840434	2.6913462
468.25 	0.06791473	2.70619939
469.84 	0.06744049	2.721005
471.43 	0.06698109	2.73576457
473.02 	0.06653601	2.75047916
474.61 	0.06610481	2.76514934
476.20 	0.06568702	2.77977609
477.79 	0.0652822	2.79436083
479.38 	0.06488995	2.80890402
480.97 	0.06450987	2.82340702
482.57 	0.06414158	2.83787025
484.16 	0.06378472	2.852295
485.75 	0.06343895	2.86668165
487.34 	0.06310394	2.88103098
488.93 	0.06277936	2.89534421
490.52 	0.06246492	2.90962164
492.11 	0.06216033	2.92386445
493.70 	0.06186531	2.93807246
495.29 	0.06157959	2.95224766
496.88 	0.06130291	2.96638941
498.47 	0.06103502	2.98049966
500.06 	0.06077571	2.99457774
501.65 	0.06052471	3.00862513
503.24 	0.06028184	3.02264197
504.84 	0.06004687	3.03662886
506.43 	0.05981959	3.05058678
508.02 	0.05959982	3.06451584
509.61 	0.05938736	3.07841702
511.20 	0.05918203	3.09229039
512.79 	0.05898367	3.10613646
514.38 	0.0587921	3.11995573
515.97 	0.05860715	3.13374909
517.56 	0.05842868	3.14751659
519.15 	0.05825652	3.1612591
520.74 	0.05809054	3.17497621
522.33 	0.05793058	3.18866922
523.92 	0.05777652	3.20233811
525.51 	0.05762822	3.21598371
527.10 	0.05748556	3.22960601
528.69 	0.05734841	3.24320539
530.28 	0.05721665	3.25678223
531.87 	0.05709016	3.27033733
533.46 	0.05696884	3.28387022
535.05 	0.05685257	3.29738249
536.64 	0.05674126	3.31087324
538.23 	0.05663479	3.32434323
539.82 	0.05653307	3.3377932
541.41 	0.056436		3.35122307
543.00 	0.0563435	3.36463313
544.59 	0.05625546	3.37802413
546.18 	0.05617181	3.39139553
547.77 	0.05609246	3.40474844
549.36 	0.05601732	3.41808276
550.94 	0.05594632	3.43139916
552.53 	0.05587938	3.4446971
554.12 	0.05581643	3.45797727
555.71 	0.05575739	3.47124033
557.30 	0.05570218	3.48448614
558.89 	0.05565075	3.49771495
560.48 	0.05560302	3.5109274
562.07 	0.05555893	3.52412294
563.66 	0.05551842	3.53730219
565.25 	0.05548142	3.55046581
566.84 	0.05544787	3.56361361
568.43 	0.05541772	3.57674581
570.02 	0.05539091	3.58986264
571.60 	0.05536738	3.6029643
573.19 	0.05534708	3.61605141
574.78 	0.05532995	3.62912337
576.37 	0.05531595	3.64218118
577.96 	0.05530503	3.65522425
579.55 	0.05529714	3.66825355
581.14 	0.05529223	3.68126888
582.73 	0.05529025	3.69427044
584.31 	0.05529116	3.70725839
585.90 	0.05529492	3.72023292
587.49 	0.05530148	3.7331942
589.08 	0.0553108	3.74614242
590.67 	0.05532284	3.75907772
592.26 	0.05533757	3.77200029
593.84 	0.05535494	3.78491068
595.43 	0.05537491	3.79780826
597.02 	0.05539746	3.81069397
598.61 	0.05542253	3.82356718
600.20 	0.05545011	3.83642844
601.79 	0.05548015	3.84927828
603.37 	0.05551262	3.86211607
604.96 	0.05554748	3.87494274
606.55 	0.05558472	3.88775763
608.14 	0.05562429	3.90056168
609.72 	0.05566616	3.91335423
611.31 	0.05571031	3.92613621
612.90 	0.05575671	3.93890696
614.49 	0.05580532	3.95166739
616.08 	0.05585613	3.96441684
617.66 	0.0559091	3.97715583
619.25 	0.05596421	3.98988488
620.84 	0.05602142	4.00260332
622.43 	0.05608073	4.01531167
624.01 	0.05614209	4.02801003
625.60 	0.05620549	4.04069853
627.19 	0.05627091	4.05337727
628.77 	0.05633832	4.06604636
630.36 	0.05640769	4.07870593
631.95 	0.05647901	4.09135606
633.54 	0.05655226	4.10399648
635.12 	0.05662741	4.11662807
636.71 	0.05670444	4.12925015
638.30 	0.05678333	4.14186361
639.88 	0.05686406	4.15446776
641.47 	0.05694662	4.16706309
643.06 	0.05703098	4.17964969
644.64 	0.05711713	4.19222766
646.23 	0.05720505	4.2047971
647.82 	0.05729471	4.21735769
649.40 	0.05738611	4.22991032
650.99 	0.05747922	4.2424543
652.58 	0.05757402	4.25499009
654.16 	0.05767051	4.26751778
655.75 	0.05776867	4.28003747
657.34 	0.05786848	4.29254922
658.92 	0.05796991	4.30505275
660.51 	0.05807297	4.31754851
662.09 	0.05817763	4.33003696
663.68 	0.05828388	4.34251705
665.27 	0.05839171	4.35498998
666.85 	0.0585011	4.36745547
668.44 	0.05861204	4.37991319
670.02 	0.05872451	4.3923636
671.61 	0.0588385	4.40480678
673.19 	0.058954		4.41724242
674.78 	0.059071		4.42967136
676.37 	0.05918948	4.44209289
677.95 	0.05930943	4.45450747
679.54 	0.05943084	4.46691517
681.12 	0.0595537	4.47931566
682.71 	0.05967799	4.49170941
684.29 	0.05980371	4.50409648
685.88 	0.05993085	4.51647692
687.46 	0.06005938	4.52885043
689.05 	0.06018931	4.54121744
690.63 	0.06032062	4.55357801
692.22 	0.0604533	4.56593183
693.80 	0.06058734	4.57827934
695.39 	0.06072274	4.5906206
696.97 	0.06085948	4.60295566
698.56 	0.06099755	4.6152842
700.14 	0.06113694	4.62760665
701.72 	0.06127765	4.63992309
703.31 	0.06141966	4.65223317
704.89 	0.06156297	4.66453734
706.48 	0.06170757	4.67683526
708.06 	0.06185345	4.68912776
709.65 	0.0620006	4.70141412
711.23 	0.06214901	4.7136944
712.81 	0.06229867	4.72596902
714.40 	0.06244959	4.73823804
715.98 	0.06260174	4.7505015
717.57 	0.06275513	4.76275909
719.15 	0.06290973	4.77501084
720.73 	0.06306556	4.78725755
722.32 	0.0632226	4.79949815
723.90 	0.06338084	4.81173382
725.48 	0.06354027	4.82396384
727.07 	0.0637009	4.83618863
728.65 	0.0638627	4.84840787
730.23 	0.06402569	4.86062198
731.82 	0.06418984	4.87283062
733.40 	0.06435515	4.88503422
734.98 	0.06452163	4.89723281
736.57 	0.06468925	4.90942606
738.15 	0.06485802	4.92161402
739.73 	0.06502793	4.93379747
741.32 	0.06519896	4.94597534
742.90 	0.06537113	4.95814878
744.48 	0.06554442	4.97031672
746.06 	0.06571883	4.98248031
747.65 	0.06589435	4.99463884
749.23 	0.06607097	5.00679236
750.81 	0.06624869	5.01894128
752.39 	0.06642751	5.03108525
753.98 	0.06660742	5.0432247
755.56 	0.06678841	5.05535928
757.14 	0.06697049	5.0674894
758.72 	0.06715364	5.07961473
760.30 	0.06733786	5.09173567
761.89 	0.06752315	5.10385189
763.47 	0.0677095	5.1159638
765.05 	0.06789691	5.12807104
766.63 	0.06808537	5.14017404
768.21 	0.06827488	5.15227246
769.79 	0.06846544	5.16436669
771.37 	0.06865704	5.17645639
772.96 	0.06884967	5.18854161
774.54 	0.06904334	5.20062274
776.12 	0.06923803	5.21269945
777.70 	0.06943375	5.22477213
779.28 	0.06963049	5.23684045
780.86 	0.06982825	5.24890444
782.44 	0.07002702	5.2609645
784.02 	0.07022681	5.27302028
785.60 	0.0704276	5.28507219
787.18 	0.07062939	5.29711988
788.77 	0.07083218	5.30916339
790.35 	0.07103597	5.32120312
791.93 	0.07124075	5.33323872
793.51 	0.07144653	5.34527059
795.09 	0.07165329	5.35729838
796.67 	0.07186103	5.36932213
798.25 	0.07206975	5.38134186
799.83 	0.07227945	5.39335797
801.41 	0.07249013	5.40537012
802.99 	0.07270178	5.4173787
804.57 	0.0729144	5.42938337
806.15 	0.07312798	5.44138415
807.73 	0.07334252	5.45338106
809.30 	0.07355803	5.46537452
810.88 	0.07377449	5.47736416
812.46 	0.07399192	5.48935038
814.04 	0.07421029	5.50133248
815.62 	0.07442961	5.5133112
817.20 	0.07464989	5.52528658
818.78 	0.07487111	5.53725791
820.36 	0.07509328	5.5492263
821.94 	0.07531638	5.56119068
823.52 	0.07554042	5.57315144
825.09 	0.07576539	5.5851086
826.67 	0.0759913	5.59706218
828.25 	0.07621815	5.60901296
829.83 	0.07644592	5.6209602
831.41 	0.07667462	5.63290319
832.99 	0.07690424	5.64484343
834.56 	0.0771348	5.65678021
836.14 	0.07736627	5.66871354
837.72 	0.07759866	5.68064344
839.30 	0.07783198	5.69257069
840.88 	0.0780662	5.70449381
842.45 	0.07830135	5.7164143
844.03 	0.07853739	5.72833072
845.61 	0.07877436	5.74024455
847.19 	0.07901224	5.75215507
848.76 	0.07925102	5.76406232
850.34 	0.07949069	5.77596556
851.92 	0.0797313	5.78786703
853.50 	0.07997279	5.79976454
855.07 	0.08021518	5.81165884
856.65 	0.08045847	5.82354996
858.23 	0.08070265	5.8354379
859.80 	0.08094775	5.84732343
861.38 	0.08119373	5.85920509
862.96 	0.08144061	5.87108438
864.53 	0.08168837	5.88295982
866.11 	0.08193704	5.89483293
867.68 	0.08218657	5.90670223
869.26 	0.08243701	5.91856923
870.84 	0.08268834	5.9304332
872.41 	0.08294055	5.94229415
873.99 	0.08319365	5.95415212
875.56 	0.08344762	5.96600637
877.14 	0.08370247	5.97785839
878.72 	0.08395822	5.98970747
880.29 	0.08421484	6.00155362
881.87 	0.08447234	6.01339685
883.44 	0.08473071	6.0252372
885.02 	0.08498998	6.03707539
886.59 	0.08525011	6.04890998
888.17 	0.08551111	6.06074173
889.74 	0.08577299	6.07257064
891.32 	0.08603574	6.08439673
892.89 	0.08629936	6.09622002
894.47 	0.08656385	6.10804051
896.04 	0.08682921	6.11985824
897.62 	0.08709546	6.13167393
899.19 	0.08736255	6.14348615
900.76 	0.08763052	6.15529563
902.34 	0.08789935	6.1671024
903.91 	0.08816906	6.17890647
905.49 	0.08843962	6.19070785
907.06 	0.08871105	6.20250655
908.63 	0.08898334	6.21430259
910.21 	0.08925652	6.22609672
911.78 	0.08953054	6.23788748
913.35 	0.08980542	6.24967562
914.93 	0.09008117	6.26146115
916.50 	0.09035777	6.27324409
918.07 	0.09063522	6.28502372
919.65 	0.09091355	6.29680151
921.22 	0.09119273	6.30857675
922.79 	0.09147278	6.32034944
924.37 	0.09175368	6.3321196
925.94 	0.09203543	6.34388652
927.51 	0.09231804	6.35565166
929.08 	0.09260152	6.3674143
930.66 	0.09288584	6.37917374
932.23 	0.09317103	6.39093144
933.80 	0.09345706	6.40268595
935.37 	0.09374396	6.41443875
936.94 	0.0940317	6.42618838
938.52 	0.09432029	6.43793559
940.09 	0.09460974	6.4496804
941.66 	0.09490004	6.4614228
943.23 	0.0951912	6.47316282
944.80 	0.09548321	6.48490047
946.37 	0.09577607	6.49663575
947.94 	0.09606979	6.50836867
949.52 	0.09636436	6.52009926
951.09 	0.09665977	6.53182678
952.66 	0.09695605	6.54355271
954.23 	0.09725316	6.5552756
955.80 	0.09755112	6.5669962
957.37 	0.09784996	6.57871523
958.94 	0.09814962	6.59043126
960.51 	0.09845015	6.60214502
962.08 	0.09875152	6.61385653
963.65 	0.09905372	6.62556505
965.22 	0.0993568	6.63727207
966.79 	0.09966073	6.64897686
968.36 	0.09996549	6.66067871
969.93 	0.1002711	6.67237835
971.50 	0.10057756	6.68407579
973.07 	0.10088488	6.69577105
974.64 	0.10119304	6.70746412
976.21 	0.10150206	6.71915503
977.78 	0.10181193	6.73084378
979.34 	0.10212263	6.74252966
980.91 	0.10243421	6.75421412
982.48 	0.10274661	6.76589572
984.05 	0.10305987	6.7775752
985.62 	0.10337398	6.78925256
987.19 	0.10368892	6.8009271
988.76 	0.10400473	6.81260027
990.32 	0.10432138	6.82427063
991.89 	0.1046389	6.83593964
993.46 	0.10495725	6.84760585
995.03 	0.10527645	6.85927
996.60 	0.10559651	6.8709321
998.16 	0.10591739	6.88259143
999.73 	0.10623916	6.89424946
1000.40 	0.10638165	6.89940191
1003.90 	0.10709256	6.92501151
1007.30 	0.10780754	6.95060987
1010.80 	0.10852662	6.97619778
1014.20 	0.10924979	7.00177462
1017.60 	0.10997707	7.02734119
1021.10 	0.11070845	7.05289757
1024.50 	0.11144393	7.07844313
1028.00 	0.11218355	7.10397938
1031.40 	0.11292726	7.12950495
1034.80 	0.1136751	7.15502066
1038.30 	0.11442706	7.18052657
1041.70 	0.11518318	7.20602349
1045.20 	0.11594342	7.23151003
1048.60 	0.11670781	7.25698772
1052.00 	0.11747636	7.2824559
1055.50 	0.11824907	7.30791537
1058.90 	0.11902595	7.33336548
1062.30 	0.11980698	7.35880628
1065.80 	0.12059221	7.38423857
1069.20 	0.12138163	7.40966242
1072.60 	0.12217525	7.43507788
1076.10 	0.12297306	7.4604843
1079.50 	0.12377509	7.48588245
1082.90 	0.12458136	7.51127314
1086.40 	0.12539183	7.53665496
1089.80 	0.12620655	7.5620287
1093.20 	0.12702553	7.58739514
1096.60 	0.12784873	7.61275289
1100.10 	0.12867622	7.63810345
1103.50 	0.129508		7.66344688
1106.90 	0.13034405	7.68878251
1110.40 	0.13118439	7.71411038
1113.80 	0.13202904	7.73943129
1117.20 	0.13287801	7.76474527
1120.60 	0.1337313	7.79005165
1124.10 	0.13458892	7.81535121
1127.50 	0.13545089	7.84064399
1130.90 	0.13631723	7.86593005
1134.30 	0.13718793	7.89120943
1137.80 	0.13806301	7.91648217
1141.20 	0.13894248	7.94174833
1144.60 	0.13982637	7.96700866
1148.00 	0.14071465	7.99226177
1151.50 	0.14160737	8.01750915
1154.90 	0.14250455	8.04275083
1158.30 	0.14340616	8.06798614
1161.70 	0.14431222	8.09321513
1165.10 	0.14522278	8.11843854
1168.60 	0.14613782	8.14365643
1172.00 	0.14705738	8.16886882
1175.40 	0.14798143	8.19407505
1178.80 	0.14891001	8.21927586
1182.20 	0.14984316	8.24447201
1185.70 	0.15078084	8.26966211
1189.10 	0.15172312	8.29484762
1192.50 	0.15266997	8.32002787
1195.90 	0.15362141	8.34520288
1199.30 	0.15457746	8.3703727
1202.80 	0.15553815	8.39553807
1206.20 	0.15650347	8.42069831
1209.60 	0.15747345	8.44585417
1213.00 	0.15844809	8.47100496
1216.40 	0.15942742	8.49615144
1219.90 	0.16041147	8.52129363
1223.30 	0.1614002	8.54643085
1226.70 	0.1623937	8.57156456
1230.10 	0.16339191	8.59669337
1233.50 	0.16439492	8.62181872
1236.90 	0.1654027	8.64693993
1240.30 	0.16641524	8.67205632
1243.80 	0.16743262	8.69716935
1247.20 	0.16845484	8.72227903
1250.60 	0.1694819	8.74738469
1254.00 	0.1705138	8.77248634
1257.40 	0.17155059	8.79758474
1260.80 	0.17259226	8.82267918
1264.30 	0.17363885	8.84777042
1267.70 	0.17469038	8.87285847
1271.10 	0.17574683	8.89794264
1274.50 	0.17680824	8.92302367
1277.90 	0.17787467	8.9481023
1281.30 	0.17894606	8.97317713
1284.70 	0.1800225	8.9982496
1288.20 	0.18110393	9.0233183
1291.60 	0.18219044	9.04838469
1295.00 	0.18328202	9.07344807
1298.40 	0.1843787	9.09850919
1301.80 	0.18548048	9.12356733
1305.20 	0.18658737	9.14862253
1308.60 	0.18769941	9.17367552
1312.10 	0.18881664	9.19872631
1315.50 	0.18993902	9.22377422
1318.90 	0.19106662	9.24881996
1322.30 	0.19219944	9.27386357
1325.70 	0.1933375	9.29890506
1329.10 	0.19448083	9.32394444
1332.50 	0.19562944	9.34898173
1336.00 	0.19678334	9.37401695
1339.40 	0.19794256	9.39905011
1342.80 	0.19910715	9.42408195
1346.20 	0.20027709	9.44911176
1349.60 	0.2014524	9.47413956
1353.00 	0.20263313	9.49916608
1356.40 	0.20381926	9.52419062
1359.80 	0.20501086	9.54921391
1363.30 	0.20620793	9.57423595
1366.70 	0.2074105	9.59925677
1370.10 	0.20861855	9.62427565
1373.50 	0.20983214	9.64929334
1376.90 	0.21105128	9.67430983
1380.30 	0.21227603	9.69932586
1383.80 	0.21350634	9.72434001
1387.20 	0.21474226	9.749353
1390.60 	0.21598385	9.77436556
1394.00 	0.21723109	9.79937698
1397.40 	0.21848405	9.82438799
1400.80 	0.21974269	9.84939789
1404.20 	0.22100705	9.87440668
1407.70 	0.22227718	9.89941509
1411.10 	0.2235531	9.92442312
1414.50 	0.22483484	9.94943079
1417.90 	0.22612236	9.97443739
1421.30 	0.22741575	9.99944363
1424.70 	0.22871501	10.0244495
1428.20 	0.23002016	10.0494551
1431.60 	0.23133127	10.0744611
1435.00 	0.23264828	10.099466
1438.40 	0.2339713	10.1244713
1441.80 	0.23530029	10.1494763
1445.20 	0.23663529	10.174481
1448.70 	0.23797635	10.1994861
1452.10 	0.23932347	10.224491
1455.50 	0.24067669	10.2494962
1458.90 	0.24203605	10.2745019
1462.30 	0.24340152	10.2995073
1465.80 	0.24477318	10.3245131
1469.20 	0.24615103	10.3495194
1472.60 	0.24753511	10.3745261
1476.00 	0.24892544	10.3995333
1479.40 	0.25032203	10.4245409
1482.90 	0.25172493	10.449549
1486.30 	0.25313414	10.4745575
1489.70 	0.25454973	10.4995672
1493.10 	0.25597169	10.5245774
1496.50 	0.25740004	10.549588
1500.00 	0.25883484	10.5745998
1503.40 	0.26027608	10.599612
1506.80 	0.26172383	10.6246255
1510.20 	0.2631781	10.6496401
1513.70 	0.26463888	10.6746551
1517.10 	0.26610629	10.6996721
1520.50 	0.26758025	10.7246895
1523.90 	0.26906085	10.749708
1527.40 	0.27054814	10.7747285
1530.80 	0.27204206	10.7997494
1534.20 	0.27354273	10.8247722
1537.60 	0.27505014	10.8497961
1541.10 	0.2765643	10.8748212
1544.50 	0.27808524	10.8998475
1547.90 	0.27961307	10.9248763
1551.30 	0.2811477	10.9499056
1554.80 	0.28268922	10.9749368
1558.20 	0.28423768	10.9999698
1561.60 	0.2857931	11.0250046
1565.10 	0.2873555	11.0500413
1568.50 	0.28892487	11.0750792
1571.90 	0.29050128	11.1001188
1575.40 	0.29208479	11.125161
1578.80 	0.29367536	11.1502043
1582.20 	0.29527309	11.1752502
1585.70 	0.29687797	11.2002979
1589.10 	0.29849002	11.2253473
1592.50 	0.30010932	11.2503993
1596.00 	0.30173586	11.2754531
1599.40 	0.30336965	11.3005086
1602.80 	0.30501083	11.3255674
1606.30 	0.30665932	11.3506279
1609.70 	0.30831515	11.3756901
1613.10 	0.30997841	11.4007549
1616.60 	0.31164916	11.4258228
1620.00 	0.31332734	11.4508924
1623.50 	0.31501304	11.4759644
1626.90 	0.31670626	11.5010389
1630.30 	0.31840711	11.5261165
1633.80 	0.32011554	11.5511965
1637.20 	0.32183161	11.5762789
1640.70 	0.32355533	11.6013637
1644.10 	0.32528678	11.6264515
1647.50 	0.32702595	11.6515417
1651.00 	0.32877286	11.6766343
1654.40 	0.33052766	11.7017306
1657.90 	0.33229025	11.7268292
1661.30 	0.33406078	11.7519315
1664.80 	0.33583918	11.7770361
1668.20 	0.33762548	11.802143
1671.70 	0.33941981	11.8272536
1675.10 	0.3412221	11.8523664
1678.60 	0.34303248	11.8774829
1682.00 	0.34485099	11.902603
1685.50 	0.34667755	11.9277253
1688.90 	0.3485123	11.9528512
1692.40 	0.35035517	11.9779793
1695.80 	0.35220639	12.0031123
1699.30 	0.3540658	12.0282475
1702.71 	0.355594919	12.05325899
1706.16 	0.357377656	12.07836533
1709.61 	0.359160392	12.10347166
1713.06 	0.360943129	12.128578
1716.50 	0.362725866	12.15368434
1719.95 	0.364508602	12.17879067
1723.40 	0.366291339	12.20389701
1726.85 	0.368074076	12.22900335
1730.30 	0.369856813	12.25410968
1733.74 	0.371639549	12.27921602
1737.19 	0.373422286	12.30432236
1740.64 	0.375205023	12.32942869
1744.09 	0.376987759	12.35453503
1747.54 	0.378770496	12.37964137
1750.98 	0.380553233	12.4047477
1754.43 	0.382335969	12.42985404
1757.88 	0.384118706	12.45496038
1761.33 	0.385901443	12.48006671
1764.78 	0.38768418	12.50517305
1768.22 	0.389466916	12.53027939
1771.67 	0.391249653	12.55538573
1775.12 	0.39303239	12.58049206
1778.57 	0.394815126	12.6055984
1782.02 	0.396597863	12.63070474
1785.46 	0.3983806	12.65581107
1788.91 	0.400163336	12.68091741
1792.36 	0.401946073	12.70602375
1795.81 	0.40372881	12.73113008
1799.25 	0.405511547	12.75623642
1802.70 	0.407294283	12.78134276
1806.15 	0.40907702	12.80644909
1809.60 	0.410859757	12.83155543
1813.05 	0.412642493	12.85666177
1816.49 	0.41442523	12.8817681
1819.94 	0.416207967	12.90687444
1823.39 	0.417990703	12.93198078
1826.84 	0.41977344	12.95708711
1830.29 	0.421556177	12.98219345
1833.73 	0.423338914	13.00729979
1837.18 	0.42512165	13.03240612
1840.63 	0.426904387	13.05751246
1844.08 	0.428687124	13.0826188
1847.53 	0.43046986	13.10772513
1850.97 	0.432252597	13.13283147
1854.42 	0.434035334	13.15793781
1857.87 	0.435818071	13.18304414
1861.32 	0.437600807	13.20815048
1864.77 	0.439383544	13.23325682
1868.21 	0.441166281	13.25836315
1871.66 	0.442949017	13.28346949
1875.11 	0.444731754	13.30857583
1878.56 	0.446514491	13.33368216
1882.00 	0.448297227	13.3587885
1885.45 	0.450079964	13.38389484
1888.90 	0.451862701	13.40900117
1892.35 	0.453645438	13.43410751
1895.80 	0.455428174	13.45921385
1899.24 	0.457210911	13.48432018
1902.69 	0.458993648	13.50942652
1906.14 	0.460776384	13.53453286
1909.59 	0.462559121	13.5596392
1913.04 	0.464341858	13.58474553
1916.48 	0.466124594	13.60985187
1919.93 	0.467907331	13.63495821
1923.38 	0.469690068	13.66006454
1926.83 	0.471472805	13.68517088
1930.28 	0.473255541	13.71027722
1933.72 	0.475038278	13.73538355
1937.17 	0.476821015	13.76048989
1940.62 	0.478603751	13.78559623
1944.07 	0.480386488	13.81070256
1947.52 	0.482169225	13.8358089
1950.96 	0.483951961	13.86091524
1954.41 	0.485734698	13.88602157
1957.86 	0.487517435	13.91112791
1961.31 	0.489300172	13.93623425
1964.75 	0.491082908	13.96134058
1968.20 	0.492865645	13.98644692
1971.65 	0.494648382	14.01155326
1975.10 	0.496431118	14.03665959
1978.55 	0.498213855	14.06176593
1981.99 	0.499996592	14.08687227
1985.44 	0.501779328	14.1119786
1988.89 	0.503562065	14.13708494
1992.34 	0.505344802	14.16219128
1995.79 	0.507127539	14.18729761
1999.23 	0.508910275	14.21240395
2002.68 	0.510693012	14.23751029
2006.13 	0.512475749	14.26261662
2009.58 	0.514258485	14.28772296
2013.03 	0.516041222	14.3128293
2016.47 	0.517823959	14.33793563
2019.92 	0.519606695	14.36304197
2023.37 	0.521389432	14.38814831
2026.82 	0.523172169	14.41325464
2030.27 	0.524954906	14.43836098
2033.71 	0.526737642	14.46346732
2037.16 	0.528520379	14.48857366
2040.61 	0.530303116	14.51367999
2044.06 	0.532085852	14.53878633
2047.51 	0.533868589	14.56389267
2050.95 	0.535651326	14.588999
2054.40 	0.537434062	14.61410534
2057.85 	0.539216799	14.63921168
2061.30 	0.540999536	14.66431801
2064.74 	0.542782273	14.68942435
2068.19 	0.544565009	14.71453069
2071.64 	0.546347746	14.73963702
2075.09 	0.548130483	14.76474336
2078.54 	0.549913219	14.7898497
2081.98 	0.551695956	14.81495603
2085.43 	0.553478693	14.84006237
2088.88 	0.555261429	14.86516871
2092.33 	0.557044166	14.89027504
2095.78 	0.558826903	14.91538138
2099.22 	0.56060964	14.94048772
2102.67 	0.562392376	14.96559405
2106.12 	0.564175113	14.99070039
2109.57 	0.56595785	15.01580673
2113.02 	0.567740586	15.04091306
2116.46 	0.569523323	15.0660194
2119.91 	0.57130606	15.09112574
2123.36 	0.573088797	15.11623207
2126.81 	0.574871533	15.14133841
2130.26 	0.57665427	15.16644475
2133.70 	0.578437007	15.19155108
2137.15 	0.580219743	15.21665742
2140.60 	0.58200248	15.24176376
2144.05 	0.583785217	15.26687009
2147.49 	0.585567953	15.29197643
2150.94 	0.58735069	15.31708277
2154.39 	0.589133427	15.3421891
2157.84 	0.590916164	15.36729544
2161.29 	0.5926989	15.39240178
2164.73 	0.594481637	15.41750811
2168.18 	0.596264374	15.44261445
2171.63 	0.59804711	15.46772079
2175.08 	0.599829847	15.49282713
2178.53 	0.601612584	15.51793346
2181.97 	0.60339532	15.5430398
2185.42 	0.605178057	15.56814614
2188.87 	0.606960794	15.59325247
2192.32 	0.608743531	15.61835881
2195.77 	0.610526267	15.64346515
2199.21 	0.612309004	15.66857148
2202.66 	0.614091741	15.69367782
2206.11 	0.615874477	15.71878416
2209.56 	0.617657214	15.74389049
2213.01 	0.619439951	15.76899683
2216.45 	0.621222687	15.79410317
2219.90 	0.623005424	15.8192095
2223.35 	0.624788161	15.84431584
2226.80 	0.626570898	15.86942218
2230.24 	0.628353634	15.89452851
2233.69 	0.630136371	15.91963485
2237.14 	0.631919108	15.94474119
2240.59 	0.633701844	15.96984752
2244.04 	0.635484581	15.99495386
2247.48 	0.637267318	16.0200602
2250.93 	0.639050054	16.04516653
2254.38 	0.640832791	16.07027287
2257.83 	0.642615528	16.09537921
2261.28 	0.644398265	16.12048554
2264.72 	0.646181001	16.14559188
2268.17 	0.647963738	16.17069822
2271.62 	0.649746475	16.19580455
2275.07 	0.651529211	16.22091089
2278.52 	0.653311948	16.24601723
2281.96 	0.655094685	16.27112356
2285.41 	0.656877421	16.2962299
2288.86 	0.658660158	16.32133624
2292.31 	0.660442895	16.34644257
2295.76 	0.662225632	16.37154891
2299.20 	0.664008368	16.39665525
2302.65 	0.665791105	16.42176159
2306.10 	0.667573842	16.44686792
2309.55 	0.669356578	16.47197426
2313.00 	0.671139315	16.4970806
2316.44 	0.672922052	16.52218693
2319.89 	0.674704788	16.54729327
2323.34 	0.676487525	16.57239961
2326.79 	0.678270262	16.59750594
2330.23 	0.680052999	16.62261228
2333.68 	0.681835735	16.64771862
2337.13 	0.683618472	16.67282495
2340.58 	0.685401209	16.69793129
2344.03 	0.687183945	16.72303763
2347.47 	0.688966682	16.74814396
2350.92 	0.690749419	16.7732503
2354.37 	0.692532155	16.79835664
2357.82 	0.694314892	16.82346297
2361.27 	0.696097629	16.84856931
2364.71 	0.697880366	16.87367565
2368.16 	0.699663102	16.89878198
2371.61 	0.701445839	16.92388832
2375.06 	0.703228576	16.94899466
2378.51 	0.705011312	16.97410099
2381.95 	0.706794049	16.99920733
2385.40 	0.708576786	17.02431367
2388.85 	0.710359523	17.04942
2392.30 	0.712142259	17.07452634
2395.75 	0.713924996	17.09963268
2399.19 	0.715707733	17.12473901
2402.64 	0.717490469	17.14984535
2406.09 	0.719273206	17.17495169
2409.54 	0.721055943	17.20005802
2412.98 	0.722838679	17.22516436
2416.43 	0.724621416	17.2502707
2419.88 	0.726404153	17.27537703
2423.33 	0.72818689	17.30048337
2426.78 	0.729969626	17.32558971
2430.22 	0.731752363	17.35069604
2433.67 	0.7335351	17.37580238
2437.12 	0.735317836	17.40090872
2440.57 	0.737100573	17.42601506
2444.02 	0.73888331	17.45112139
2447.46 	0.740666046	17.47622773
2450.91 	0.742448783	17.50133407
2454.36 	0.74423152	17.5264404
2457.81 	0.746014257	17.55154674
2461.26 	0.747796993	17.57665308
2464.70 	0.74957973	17.60175941
2468.15 	0.751362467	17.62686575
2471.60 	0.753145203	17.65197209
2475.05 	0.75492794	17.67707842
2478.50 	0.756710677	17.70218476
2481.94 	0.758493413	17.7272911
2485.39 	0.76027615	17.75239743
2488.84 	0.762058887	17.77750377
2492.29 	0.763841624	17.80261011
2495.73 	0.76562436	17.82771644
2499.18 	0.767407097	17.85282278
2502.63 	0.769189834	17.87792912
2506.08 	0.77097257	17.90303545
		
		
		
		
		
		
		
		
		
		
		
		
		
		
		
		
		
		
		
		
		
		
		
		
		
		
		
		
		
		
		
		
		
		
		
		
		
		
		
		
		
		
		
		
		
		
		
		
		
		
		
		
		
		
		
		
		
		
		
		
		
		
		
		
		
		
		
		
		
		
		
		
		
		
		
		
		
		
		
		
		
		
		
		
		
		
		
		
		
		
		
		
		
		
		
		
		
		
		
		
		
		
		
		
		
		
		
		
		
		
		
		
		
		
		
		
		
		
		
		
		
		
		
		
		
		
		
		
		
		
		
		
		
		
		
		
		
		
		
		
		
		
		
		
		
		
		
		
		
		
		
		
		
		
		
		
		
		
		
		
		
		
		
		
		
		
		
		
		
		
		
		
		
		
		
		
		
		
		
		
		
		
		
		
		
		
		
		
		
		
		
		
		
		
		
		
		
		
		
		
		
		
		
		
		
		
		
