290	0.2	3
381.209076	0.302394	3.619575
382.381409	0.304211	3.631948
383.561005	0.306038	3.644494
384.747894	0.307868	3.657073
385.942139	0.309701	3.669688
387.143829	0.311535	3.682337
388.352997	0.313476	3.694775
389.569763	0.315462	3.707144
390.794189	0.317451	3.719551
392.026337	0.319443	3.731994
393.266266	0.321437	3.744475
394.514069	0.324148	3.757379
395.769836	0.327179	3.770494
397.033569	0.330213	3.783648
398.30545	0.333248	3.796841
399.58548	0.336286	3.810073
400.873749	0.33868	3.82338
402.17038	0.34077	3.836743
403.475403	0.342862	3.850146
404.788971	0.344958	3.86359
406.111053	0.347057	3.877074
407.441833	0.349384	3.890607
408.781372	0.35183	3.904185
410.12973	0.354279	3.917806
411.487061	0.356732	3.93147
412.853363	0.359188	3.945177
414.22876	0.361796	3.95939
415.613373	0.364487	3.973893
417.007263	0.367182	3.988441
418.410553	0.369879	4.003035
419.823303	0.37258	4.017673
421.245605	0.375235	4.032187
422.677582	0.377866	4.046651
424.119324	0.3805	4.061162
425.570984	0.383139	4.075721
427.032562	0.385781	4.090327
428.504242	0.388349	4.105381
429.986084	0.390872	4.120727
431.47821	0.393399	4.136123
432.980774	0.39593	4.151569
434.493744	0.398466	4.167064
436.017426	0.401269	4.182996
437.551819	0.404246	4.199228
439.096985	0.407227	4.215511
440.653137	0.410212	4.231847
442.220367	0.413201	4.248237
443.798767	0.416635	4.264257
445.388519	0.420375	4.280044
446.989655	0.42412	4.295887
448.602356	0.427869	4.311786
450.226746	0.431624	4.327743
451.862946	0.435213	4.344119
453.511078	0.438682	4.360814
455.171234	0.442157	4.377567
456.843658	0.445637	4.394381
458.528381	0.449122	4.411253
460.225586	0.452702	4.428156
461.935394	0.456355	4.445096
463.657959	0.460013	4.462099
465.393402	0.463678	4.479164
467.141907	0.467349	4.496293
468.903564	0.471211	4.514062
470.678619	0.475225	4.532354
472.467133	0.479245	4.550712
474.269287	0.483271	4.569136
476.085266	0.487303	4.587628
477.915131	0.491797	4.606103
479.759186	0.496682	4.624579
481.617523	0.501573	4.643126
483.490295	0.506471	4.661743
485.377686	0.511375	4.680432
487.279877	0.516547	4.699317
489.197021	0.521956	4.718383
491.129333	0.527372	4.737525
493.076965	0.532796	4.756743
495.0401	0.538227	4.776038
497.018951	0.543447	4.795605
499.013672	0.548467	4.815432
501.024475	0.553495	4.835339
503.051514	0.558531	4.855325
505.095062	0.563576	4.875392
507.155273	0.568892	4.895563
509.23233	0.574476	4.915836
511.326508	0.580069	4.936194
513.437927	0.585672	4.956638
515.566895	0.591284	4.977168
517.713623	0.597036	4.99825
519.878296	0.602934	5.019912
522.061096	0.608841	5.041664
524.262329	0.614757	5.063506
526.482178	0.620684	5.085441
528.720947	0.626971	5.107388
530.978821	0.63366	5.12934
533.256042	0.640359	5.151388
535.552917	0.64707	5.173534
537.869629	0.653793	5.195779
540.206482	0.660632	5.218525
542.563782	0.667605	5.241846
544.94165	0.67459	5.265268
547.340515	0.681586	5.288795
549.76062	0.688595	5.312428
552.202148	0.695943	5.335838
554.665466	0.70371	5.35895
557.15094	0.711492	5.382174
559.658691	0.719289	5.405508
562.189209	0.727102	5.428957
564.742615	0.735232	5.452998
567.319397	0.743777	5.477789
569.9198	0.752337	5.5027
572.544128	0.760912	5.527731
575.192749	0.769503	5.552883
577.865967	0.778656	5.578327
580.564148	0.788577	5.604131
583.287598	0.798514	5.630063
586.036743	0.80847	5.656126
588.812012	0.818443	5.682322
591.613647	0.828417	5.708829
594.442017	0.838383	5.735737
597.297668	0.848368	5.762783
600.180786	0.858373	5.789967
603.091919	0.868399	5.817291
606.031433	0.879176	5.844431
608.999756	0.891118	5.871209
611.997253	0.903085	5.898137
615.024475	0.915077	5.925217
618.081665	0.927095	5.952451
621.169556	0.939643	5.980244
624.288391	0.953042	6.00886
627.438721	0.966468	6.03764
630.620972	0.979921	6.066586
633.835632	0.993402	6.095699
637.083313	1.00751	6.125001
640.36438	1.022697	6.154512
643.679443	1.037916	6.184203
647.028992	1.053167	6.214075
650.413635	1.068452	6.24413
653.833862	1.084409	6.274016
657.290222	1.101585	6.303435
660.783325	1.118802	6.33305
664.313782	1.136061	6.362864
667.882141	1.153364	6.392878
671.489014	1.171485	6.422586
675.135132	1.191184	6.451504
678.820984	1.210938	6.480637
682.547302	1.230747	6.509987
686.314819	1.250615	6.539559
690.124146	1.271852	6.56901
693.975952	1.295905	6.597979
697.871033	1.320029	6.627194
701.810059	1.344227	6.656657
705.793823	1.368501	6.686371
709.82312	1.39396	6.715055
713.89856	1.421991	6.741147
718.021179	1.450132	6.767509
722.19165	1.478385	6.794146
726.410889	1.506752	6.821059
730.679688	1.535587	6.846535
734.998901	1.565406	6.868208
739.369568	1.595386	6.890156
743.79248	1.625527	6.912382
748.268677	1.655831	6.934888
752.79895	1.687677	6.95436
757.384583	1.723288	6.965618
762.026306	1.759186	6.977142
766.725281	1.795373	6.988937
771.482605	1.831851	7.001007
776.299316	1.867355	7.0074
781.176575	1.899804	6.997685
786.115479	1.932713	6.988002
791.117249	1.96609	6.978353
796.182983	1.999941	6.968744
801.314087	2.027333	6.955217
806.511841	2.034718	6.929883
811.777344	2.042274	6.904154
817.112122	2.050007	6.878019
822.517456	2.057923	6.85147
827.994751	2.055968	6.825278
833.545532	2.021913	6.801191
839.171204	1.987146	6.776793
844.873352	1.951646	6.75208
850.653503	1.915388	6.727051
856.513367	1.874804	6.71151
862.454407	1.821573	6.729459
868.478516	1.767774	6.748086
874.58728	1.713413	6.767408
880.782715	1.658489	6.787443
887.066528	1.603826	6.814177
893.440613	1.551916	6.863587
900	2.06	8.3
918.4	1.86	8.44
925	1.77	8.49
950	1.49	8.88
953.7	1.47	8.95
991.9	1.37	9.49
1000	1.35	9.58
1033	1.26	10
1078	1.21	10.6
1127	1.2	11.2
1181	1.21	11.8
1200	1.21	12
1240	1.21	12.5
1305	1.23	13.2
1378	1.26	14
1459	1.33	14.9
1500	1.38	15.4
1550	1.44	16
1653	1.59	17.1
1771	1.77	18.3
1907	1.99	19.8
2000	2.15	20.7
2065	2.27	21.4
2254	2.62	23.3
2480	3.07	25.6
2755	3.68	28.3
3000	4.24	30.6
3100	4.45	31.5
3306	4.88	33.4
3542	5.44	35.6
3815	6	38.1
4000	6.43	39.8
4133	6.76	41
4509	7.61	44.3
4959	8.59	48.2
5000	8.67	48.6
5510	9.85	53.2
6000	11.1	57.6
6199	11.7	59.4
6526	12.7	62.2
6888	13.7	65.2
7000	14	66.2
7293	14.9	68.8
7749	16.5	72.7
8000	17.5	74.9
8266	18.6	77
8856	20.9	81.5
9000	21.5	82.6
9537	23.5	86.5
10000	25.3	89.8
10330	26.6	92.2
11000	29.2	96.6
11270	30.2	98.4
12000	33	103
12400	34.5	106
13000	36.6	109
13050	36.8	110
13780	39.7	114
14000	40.5	116
14590	42.8	119
15500	46	124
16000	47.7	127
16530	49.7	129
17710	53.8	136
18000	54.7	137
19070	57.6	143
20000	60.7	147
20660	62.9	151
22000	66.9	157
22540	68.3	160
24000	72.2	168
24800	75	172
26000	79.1	178
27550	84.7	186
28000	86.3	189
30000	94.2	199
31000	98.6	204
32000	103	208
33000	117.5561	208.5231
34000	121.1842	211.6979
35000	124.7536	214.7917
36000	128.2655	217.8093
37000	131.7213	220.7557
38000	135.1224	223.635
39000	138.4702	226.4513
40000	141.7661	229.2084
41000	145.0115	231.9095
42000	148.208	234.5579
43000	151.3568	237.1564
44000	154.4594	239.7078
45000	157.5171	242.2145
46000	160.5314	244.6789
47000	163.5034	247.1031
48000	166.4344	249.489
49000	169.3258	251.8386
50000	172.1786	254.1535
51000	174.994	256.4353
52000	177.7731	258.6856
53000	180.517	260.9058
54000	183.2268	263.097
55000	185.9034	265.2607
56000	188.5477	267.3978
57000	191.1608	269.5095
58000	193.7435	271.5968
59000	196.2966	273.6606
60000	198.8211	275.7018
61000	201.3176	277.7213
62000	203.787	279.7198
63000	206.23	281.6981
64000	208.6473	283.6569
65000	211.0395	285.5968
66000	213.4075	287.5184
67000	215.7517	289.4224
68000	218.0728	291.3093
69000	220.3714	293.1797
70000	222.6481	295.0341
71000	224.9033	296.8728
72000	227.1378	298.6965
73000	229.3518	300.5054
74000	231.5459	302.3002
75000	233.7207	304.081
76000	235.8765	305.8484
77000	238.0139	307.6026
78000	240.1331	309.344
79000	242.2347	311.0729
80000	244.3191	312.7897
81000	246.3865	314.4947
82000	248.4375	316.1881
83000	250.4723	317.8702
84000	252.4913	319.5412
85000	254.4949	321.2015
86000	256.4833	322.8512
87000	258.4569	324.4907
88000	260.4159	326.12
89000	262.3608	327.7396
90000	264.2917	329.3494
91000	266.209	330.9498
92000	268.1128	332.541
93000	270.0036	334.123
94000	271.8814	335.6962
95000	273.7467	337.2607
96000	275.5996	338.8166
97000	277.4402	340.3641
98000	279.269	341.9034
99000	281.0861	343.4346
100000	282.8916	344.9578
101000	284.6858	346.4733
102000	286.469	347.9811
103000	288.2412	349.4814
104000	290.0028	350.9742
105000	291.7538	352.4598
106000	293.4944	353.9383
107000	295.2249	355.4096
108000	296.9454	356.8741
109000	298.656	358.3318
110000	300.357	359.7828
111000	302.0485	361.2271
112000	303.7305	362.6649
113000	305.4034	364.0964
114000	307.0672	365.5215
115000	308.722	366.9405
116000	310.3681	368.3533
117000	312.0055	369.7601
118000	313.6344	371.1609
119000	315.2548	372.5559
120000	316.8671	373.9451
121000	318.4711	375.3286
122000	320.0671	376.7064
123000	321.6553	378.0787
124000	323.2356	379.4456
125000	324.8082	380.807
126000	326.3732	382.1631
127000	327.9308	383.514
128000	329.481	384.8596
129000	331.0239	386.2002
130000	332.5596	387.5356
131000	334.0883	388.8661
132000	335.61	390.1916
133000	337.1249	391.5123
134000	338.6329	392.8281
135000	340.1342	394.1391
136000	341.6289	395.4455
137000	343.1171	396.7472
138000	344.5988	398.0443
139000	346.0742	399.3369
140000	347.5433	400.6249
141000	349.0061	401.9086
142000	350.4629	403.1878
143000	351.9135	404.4627
144000	353.3582	405.7333
145000	354.797	406.9996
146000	356.23	408.2618
147000	357.6572	409.5197
148000	359.0786	410.7736
149000	360.4945	412.0234
150000	361.9048	413.2692
151000	363.3096	414.511
152000	364.7089	415.7488
153000	366.1029	416.9827
154000	367.4916	418.2128
155000	368.8749	419.4391
156000	370.2531	420.6615
157000	371.6262	421.8802
158000	372.9942	423.0952
159000	374.3571	424.3065
160000	375.7151	425.5141
161000	377.0682	426.7182
162000	378.4163	427.9187
163000	379.7597	429.1156
164000	381.0983	430.3091
165000	382.4322	431.499
166000	383.7615	432.6855
167000	385.0861	433.8687
168000	386.4061	435.0484
169000	387.7216	436.2248
170000	389.0327	437.3978
171000	390.3393	438.5676
172000	391.6415	439.7341
173000	392.9394	440.8974
174000	394.233	442.0575
175000	395.5223	443.2144
176000	396.8074	444.3681
177000	398.0883	445.5188
178000	399.3651	446.6663
179000	400.6378	447.8108
180000	401.9065	448.9522
181000	403.1711	450.0906
182000	404.4317	451.2261
183000	405.6884	452.3585
184000	406.9412	453.488
185000	408.1902	454.6146
186000	409.4352	455.7383
187000	410.6765	456.8591
188000	411.914	457.9771
189000	413.1478	459.0923
190000	414.3779	460.2046
191000	415.6044	461.3142
192000	416.8272	462.421
193000	418.0464	463.5251
194000	419.262	464.6264
195000	420.4741	465.7251
196000	421.6827	466.821
197000	422.8877	467.9144
198000	424.0894	469.005
199000	425.2876	470.0931
200000	426.4825	471.1786
