290	1.170359	2.506257
300	3.426497	0.6835258
310	2.676677	0.152839
320	2.411889	0.06965087
330	2.279512	0.04170754
340	2.199395	0.02891278
350	2.145079	0.02199566
360	2.105347	0.01785921
370	2.074637	0.01522159
380	2.049876	0.0134712
390	2.029231	0.01228498
400	2.011536	0.01147869
410	1.996019	0.01094082
420	1.982145	0.01060057
430	1.969533	0.01041122
440	1.957903	0.01034097
450	1.947047	0.01036755
460	1.936804	0.01047508
470	1.927049	0.01065199
480	1.917685	0.01088977
490	1.908632	0.01118207
500	1.899827	0.01152415
510	1.891217	0.01191243
520	1.882759	0.01234422
530	1.874416	0.01281754
540	1.866157	0.01333094
550	1.857957	0.01388337
560	1.849793	0.01447416
570	1.841645	0.01510288
580	1.833497	0.01576937
590	1.825334	0.01647362
600	1.817142	0.01721581
610	1.80891	0.01799627
620	1.800627	0.01881543
630	1.792285	0.01967384
640	1.783873	0.02057215
650	1.775385	0.02151111
660	1.766814	0.02249155
670	1.758152	0.02351439
680	1.749393	0.02458061
690	1.740532	0.02569128
700	1.731563	0.02684755
710	1.722481	0.02805064
720	1.713282	0.02930184
730	1.703959	0.03060253
740	1.694509	0.03195416
750	1.684928	0.03335826
760	1.67521	0.03481645
770	1.665352	0.03633043
780	1.65535	0.03790201
790	1.645199	0.03953308
800	1.634895	0.04122563
810	1.624434	0.04298177
820	1.613813	0.04480373
830	1.603026	0.04669384
840	1.59207	0.04865457
850	1.580941	0.05068854
860	1.569635	0.0527985
870	1.558147	0.05498738
880	1.546472	0.05725826
890	1.534607	0.05961441
900	1.522546	0.06205931
910	1.510285	0.06459665
920	1.49782	0.06723035
930	1.485145	0.06996458
940	1.472255	0.07280377
950	1.459145	0.07575267
960	1.445809	0.07881635
970	1.432242	0.08200021
980	1.418438	0.08531005
990	1.404392	0.08875209
1000	1.390096	0.092333
1010	1.375545	0.09605997
1020	1.360732	0.09994072
1030	1.34565	0.1039836
1040	1.330292	0.1081976
1050	1.314651	0.1125925
1060	1.298719	0.1171789
1070	1.282489	0.1219683
1080	1.265952	0.126973
1090	1.2491	0.1322069
1100	1.231925	0.1376846
1110	1.214419	0.1434224
1120	1.196572	0.1494381
1130	1.178377	0.1557513
1140	1.159825	0.1623832
1150	1.140907	0.1693574
1160	1.121617	0.1767
1170	1.101945	0.1844394
1180	1.081886	0.1926072
1190	1.061435	0.2012382
1200	1.040587	0.2103708
1210	1.019342	0.2200474
1220	0.9977004	0.2303146
1230	0.9756677	0.2412234
1240	0.9532537	0.2528299
1250	0.9304747	0.2651948
1260	0.9073545	0.2783833
1270	0.8839263	0.2924652
1280	0.8602353	0.307513
1290	0.8363404	0.323601
1300	0.8123163	0.3408024
1310	0.7882558	0.3591859
1320	0.7642708	0.3788112
1330	0.740492	0.3997231
1340	0.7170671	0.4219456
1350	0.694156	0.4454753
1360	0.6719245	0.470277
1370	0.6505347	0.4962805
1380	0.6301351	0.5233815
1390	0.6108507	0.5514461
1400	0.5927757	0.5803189
1410	0.5759689	0.6098326
1420	0.5604539	0.6398186
1430	0.5462219	0.6701162
1440	0.5332375	0.7005792
1450	0.5214451	0.7310803
1460	0.5107757	0.7615127
1470	0.5011524	0.7917898
1480	0.4924955	0.8218438
1490	0.4847259	0.8516231
1500	0.4777671	0.8810904
1510	0.4715474	0.9102197
1520	0.466	0.9389942
1530	0.4610641	0.9674045
1540	0.456684	0.9954468
1550	0.4528096	1.023121
1560	0.4493958	1.050432
1570	0.446402	1.077386
1580	0.443792	1.103989
1590	0.4415331	1.130251
1600	0.4395962	1.156182
1610	0.4379551	1.181791
1620	0.4365864	1.20709
1630	0.4354689	1.232088
1640	0.4345837	1.256797
1650	0.4339137	1.281225
1660	0.4334435	1.305383
1670	0.4331591	1.329281
1680	0.4330479	1.352928
1690	0.4330985	1.376332
1700	0.4333004	1.399503
1710	0.4336441	1.422448
1720	0.4341211	1.445176
1730	0.4347234	1.467694
1740	0.4354437	1.49001
1750	0.4362756	1.512129
1760	0.4372128	1.534059
1770	0.4382498	1.555807
1780	0.4393815	1.577377
1790	0.440603	1.598777
1800	0.4419101	1.62001
1810	0.4432986	1.641083
1820	0.4447647	1.662001
1830	0.446305	1.682768
1840	0.4479163	1.703388
1850	0.4495954	1.723867
1860	0.4513397	1.744208
1870	0.4531464	1.764416
1880	0.4550131	1.784493
1890	0.4569376	1.804445
1900	0.4589176	1.824273
1910	0.4609512	1.843983
1920	0.4630365	1.863576
1930	0.4651717	1.883056
1940	0.4673552	1.902426
1950	0.4695854	1.921688
1960	0.4718607	1.940846
1970	0.4741799	1.959901
1980	0.4765416	1.978858
1990	0.4789446	1.997717
2000	0.4813876	2.016481
2010	0.4838697	2.035153
2020	0.4863896	2.053735
2030	0.4889465	2.072228
2040	0.4915394	2.090635
2050	0.4941674	2.108957
2060	0.4968296	2.127197
2070	0.4995252	2.145356
2080	0.5022536	2.163436
2090	0.5050138	2.181439
2100	0.5078052	2.199365
2110	0.5106272	2.217218
2120	0.5134791	2.234997
2130	0.5163602	2.252706
2140	0.5192701	2.270344
2150	0.5222082	2.287914
2160	0.5251739	2.305417
2170	0.5281667	2.322853
2180	0.5311862	2.340225
2190	0.5342317	2.357533
2200	0.537303	2.374779
2210	0.5403996	2.391963
2220	0.543521	2.409087
2230	0.5466669	2.426152
2240	0.5498369	2.443158
2250	0.5530305	2.460108
2260	0.5562475	2.477001
2270	0.5594876	2.493839
2280	0.5627503	2.510622
2290	0.5660353	2.527351
2300	0.5693424	2.544028
2310	0.5726712	2.560653
2320	0.5760215	2.577227
2330	0.579393	2.593751
2340	0.5827854	2.610225
2350	0.5861985	2.62665
2360	0.589632	2.643026
2370	0.5930856	2.659356
2380	0.5965591	2.675638
2390	0.6000524	2.691875
2400	0.6035651	2.708066
2410	0.6070971	2.724212
2420	0.6106482	2.740313
2430	0.6142181	2.756372
2440	0.6178066	2.772387
2450	0.6214136	2.788359
2460	0.6250389	2.804289
2470	0.6286823	2.820178
2480	0.6323436	2.836026
2490	0.6360226	2.851834
2500	0.6397192	2.867601
2600	0.6776181	3.023179
2650	0.6971756	3.099619
2700	0.7171175	3.175222
2750	0.7374303	3.250026
2800	0.7581014	3.324066
2850	0.7791193	3.397375
2900	0.8004732	3.469982
2950	0.8221532	3.541912
3000	0.8441501	3.613189
3050	0.8664549	3.683835
3100	0.8890594	3.753869
3150	0.9119555	3.82331
3200	0.9351358	3.892173
3250	0.9585928	3.960474
3300	0.9823197	4.028227
3350	1.00631	4.095445
3400	1.030556	4.16214
3450	1.055052	4.228324
3500	1.079793	4.294006
3550	1.104771	4.359196
3600	1.129982	4.423903
3650	1.155419	4.488136
3700	1.181076	4.551902
3750	1.206949	4.61521
3800	1.233032	4.678066
3850	1.259319	4.740476
3900	1.285806	4.802448
3950	1.312487	4.863987
4000	1.339357	4.925099
4050	1.366412	4.985789
4100	1.393646	5.046063
4150	1.421055	5.105925
4200	1.448635	5.16538
4250	1.476379	5.224433
4300	1.504285	5.283088
4350	1.532347	5.34135
4400	1.560562	5.399222
4450	1.588924	5.456709
4500	1.617429	5.513813
4550	1.646074	5.57054
4600	1.674854	5.626893
4650	1.703765	5.682875
4700	1.732803	5.738489
4750	1.761965	5.793739
4800	1.791245	5.848629
4850	1.820641	5.903161
4900	1.850148	5.957339
4950	1.879763	6.011166
5000	1.909483	6.064644
5050	1.939302	6.117777
5100	1.969219	6.170569
5150	1.99923	6.22302
5200	2.02933	6.275136
5250	2.059518	6.326917
5300	2.089788	6.378368
5350	2.120139	6.42949
5400	2.150566	6.480288
5450	2.181068	6.530762
5500	2.211639	6.580917
5550	2.242279	6.630754
5600	2.272983	6.680277
5650	2.303748	6.729487
5700	2.334572	6.778388
5750	2.365452	6.826981
5800	2.396385	6.875271
5850	2.427369	6.923258
5900	2.4584	6.970946
5950	2.489476	7.018337
6000	2.520594	7.065433
6050	2.551752	7.112238
6100	2.582947	7.158753
6150	2.614178	7.20498
6200	2.64544	7.250923
6250	2.676733	7.296583
6300	2.708054	7.341963
6350	2.7394	7.387066
6400	2.770769	7.431893
6450	2.802159	7.476447
6500	2.833569	7.52073
6550	2.864995	7.564745
6600	2.896436	7.608494
6650	2.92789	7.651979
6700	2.959355	7.695202
6750	2.990829	7.738166
6800	3.022309	7.780873
6850	3.053795	7.823325
6900	3.085285	7.865524
6950	3.116776	7.907472
7000	3.148267	7.949173
7050	3.179756	7.990627
7100	3.211242	8.031837
7150	3.242723	8.072806
7200	3.274198	8.113534
7250	3.305664	8.154025
7300	3.337121	8.19428
7350	3.368566	8.234303
7400	3.399999	8.274093
7450	3.431419	8.313654
7500	3.462823	8.352988
7550	3.49421	8.392097
7600	3.52558	8.430982
7650	3.55693	8.469646
7700	3.588261	8.508091
7750	3.619569	8.546319
7800	3.650855	8.584331
7850	3.682117	8.62213
7900	3.713354	8.659718
7950	3.744564	8.697095
8000	3.775748	8.734266
8050	3.806904	8.77123
8100	3.83803	8.807991
8150	3.869126	8.844549
8200	3.900191	8.880908
8250	3.931224	8.917068
8300	3.962224	8.953032
8350	3.99319	8.9888
8400	4.024122	9.024376
8450	4.055018	9.059761
8500	4.085878	9.094956
8550	4.116701	9.129964
8600	4.147486	9.164785
8650	4.178232	9.199423
8700	4.208939	9.233878
8750	4.239606	9.268152
8800	4.270233	9.302247
8850	4.300818	9.336164
8900	4.331362	9.369905
8950	4.361863	9.403472
9000	4.392321	9.436867
9050	4.422735	9.47009
9100	4.453105	9.503144
9150	4.48343	9.53603
9200	4.51371	9.56875
9250	4.543944	9.601305
9300	4.574131	9.633697
9350	4.604273	9.665927
9400	4.634366	9.697996
9450	4.664413	9.729907
9500	4.694411	9.761661
9550	4.724361	9.793259
9600	4.754262	9.824702
9650	4.784114	9.855993
9700	4.813916	9.887132
9750	4.843668	9.91812
9800	4.87337	9.948961
9850	4.903022	9.979653
9900	4.932622	10.0102
9950	4.962172	10.0406
10000	4.99167	10.07086
10050	5.021116	10.10098
10100	5.05051	10.13095
10150	5.079853	10.16079
10200	5.109142	10.19049
10250	5.13838	10.22005
10300	5.167564	10.24948
10350	5.196695	10.27877
10400	5.225773	10.30793
10450	5.254797	10.33695
10500	5.283768	10.36585
10550	5.312685	10.39462
10600	5.341548	10.42326
10650	5.370357	10.45177
10700	5.399112	10.48015
10750	5.427813	10.50842
10800	5.456459	10.53655
10850	5.48505	10.56457
10900	5.513587	10.59246
10950	5.542069	10.62023
11000	5.570497	10.64789
11050	5.598869	10.67543
11100	5.627187	10.70284
11150	5.655449	10.73015
11200	5.683657	10.75734
11250	5.711809	10.78441
11300	5.739906	10.81137
11350	5.767948	10.83822
11400	5.795935	10.86496
11450	5.823866	10.89159
11500	5.851742	10.91811
11550	5.879563	10.94452
11600	5.907329	10.97083
11650	5.935039	10.99703
11700	5.962694	11.02312
11750	5.990294	11.04912
11800	6.017839	11.075
11850	6.045328	11.10079
11900	6.072762	11.12647
11950	6.100142	11.15206
12000	6.127465	11.17754
12050	6.154734	11.20293
12100	6.181948	11.22821
12150	6.209107	11.25341
12200	6.236211	11.2785
12250	6.26326	11.3035
12300	6.290254	11.32841
12350	6.317194	11.35322
12400	6.344079	11.37794
12450	6.370909	11.40256
12500	6.397685	11.4271
12550	6.424406	11.45155
12600	6.451073	11.4759
12650	6.477685	11.50017
12700	6.504244	11.52435
12750	6.530748	11.54844
12800	6.557198	11.57245
12850	6.583595	11.59637
12900	6.609937	11.62021
12950	6.636226	11.64396
13000	6.662461	11.66762
13050	6.688643	11.69121
13100	6.714771	11.71471
13150	6.740846	11.73813
13200	6.766868	11.76147
13250	6.792837	11.78473
13300	6.818753	11.80791
13350	6.844616	11.83101
13400	6.870427	11.85404
13450	6.896185	11.87698
13500	6.92189	11.89985
13550	6.947543	11.92265
13600	6.973144	11.94537
13650	6.998693	11.96801
13700	7.02419	11.99058
13750	7.049636	12.01307
13800	7.075029	12.03549
13850	7.100371	12.05784
13900	7.125662	12.08012
13950	7.150902	12.10233
14000	7.17609	12.12446
14050	7.201228	12.14653
14100	7.226314	12.16853
14150	7.25135	12.19045
14200	7.276336	12.21231
14250	7.301271	12.2341
14300	7.326156	12.25583
14350	7.350991	12.27748
14400	7.375776	12.29908
14450	7.400511	12.3206
14500	7.425197	12.34206
14550	7.449833	12.36346
14600	7.474419	12.38479
14650	7.498957	12.40605
14700	7.523445	12.42726
14750	7.547885	12.4484
14800	7.572276	12.46948
14850	7.596618	12.4905
14900	7.620912	12.51145
14950	7.645158	12.53235
15000	7.669356	12.55318
15050	7.693506	12.57396
15100	7.717607	12.59468
15150	7.741662	12.61533
15200	7.765669	12.63593
15250	7.789628	12.65648
15300	7.813541	12.67696
15350	7.837406	12.69739
15400	7.861225	12.71776
15450	7.884997	12.73807
15500	7.908722	12.75833
15550	7.932401	12.77853
15600	7.956034	12.79868
15650	7.979621	12.81877
15700	8.003162	12.83881
15750	8.026657	12.8588
15800	8.050107	12.87873
15850	8.073511	12.89861
15900	8.09687	12.91844
15950	8.120184	12.93821
16000	8.143453	12.95794
16050	8.166677	12.97761
16100	8.189857	12.99723
16150	8.212992	13.0168
16200	8.236083	13.03632
16250	8.25913	13.05579
16300	8.282132	13.07521
16350	8.305091	13.09458
16400	8.328007	13.1139
16450	8.350879	13.13318
16500	8.373707	13.1524
16550	8.396492	13.17158
16600	8.419235	13.19071
16650	8.441934	13.2098
16700	8.464591	13.22883
16750	8.487205	13.24783
16800	8.509776	13.26677
16850	8.532306	13.28567
16900	8.554793	13.30452
16950	8.577239	13.32333
17000	8.599642	13.3421
17050	8.622004	13.36081
17100	8.644325	13.37949
17150	8.666604	13.39812
17200	8.688842	13.41671
17250	8.711039	13.43525
17300	8.733195	13.45375
17350	8.755311	13.47221
17400	8.777386	13.49063
17450	8.79942	13.509
17500	8.821414	13.52734
17550	8.843369	13.54563
17600	8.865283	13.56388
17650	8.887157	13.58208
17700	8.908992	13.60025
17750	8.930787	13.61838
17800	8.952543	13.63647
17850	8.97426	13.65451
17900	8.995937	13.67252
17950	9.017576	13.69049
18000	9.039176	13.70842
18050	9.060737	13.72631
18100	9.08226	13.74417
18150	9.103744	13.76198
18200	9.12519	13.77975
18250	9.146599	13.79749
18300	9.167969	13.81519
18350	9.189302	13.83286
18400	9.210597	13.85048
18450	9.231854	13.86807
18500	9.253074	13.88562
18550	9.274257	13.90314
18600	9.295403	13.92062
18650	9.316512	13.93807
18700	9.337584	13.95547
18750	9.35862	13.97285
18800	9.379619	13.99019
18850	9.400582	14.00749
18900	9.421508	14.02476
18950	9.442399	14.04199
19000	9.463254	14.05919
19050	9.484072	14.07635
19100	9.504855	14.09348
19150	9.525603	14.11058
19200	9.546315	14.12765
19250	9.566992	14.14468
19300	9.587634	14.16168
19350	9.608241	14.17864
19400	9.628813	14.19557
19450	9.64935	14.21247
19500	9.669852	14.22934
19550	9.69032	14.24617
19600	9.710754	14.26298
19650	9.731154	14.27975
19700	9.751519	14.29649
19750	9.771851	14.3132
19800	9.792148	14.32987
19850	9.812413	14.34652
19900	9.832643	14.36314
19950	9.85284	14.37972
20000	9.873004	14.39628
20050	9.893134	14.4128
20100	9.913232	14.42929
20150	9.933296	14.44576
20200	9.953328	14.46219
20250	9.973327	14.4786
20300	9.993293	14.49498
20350	10.01323	14.51132
20400	10.03313	14.52764
20450	10.053	14.54393
20500	10.07284	14.56019
20550	10.09264	14.57642
20600	10.11242	14.59262
20650	10.13216	14.6088
20700	10.15187	14.62495
20750	10.17155	14.64106
20800	10.19119	14.65716
20850	10.21081	14.67322
20900	10.23039	14.68926
20950	10.24995	14.70527
21000	10.26947	14.72125
21050	10.28896	14.7372
21100	10.30842	14.75313
21150	10.32786	14.76903
21200	10.34726	14.78491
21250	10.36663	14.80076
21300	10.38597	14.81658
21350	10.40528	14.83238
21400	10.42456	14.84815
21450	10.44381	14.86389
21500	10.46303	14.87961
21550	10.48222	14.8953
21600	10.50138	14.91097
21650	10.52051	14.92661
21700	10.53961	14.94223
21750	10.55869	14.95783
21800	10.57773	14.97339
21850	10.59674	14.98894
21900	10.61573	15.00446
21950	10.63469	15.01995
22000	10.65362	15.03542
22050	10.67252	15.05086
22100	10.69139	15.06629
22150	10.71023	15.08169
22200	10.72904	15.09706
22250	10.74783	15.11241
22300	10.76659	15.12773
22350	10.78532	15.14304
22400	10.80402	15.15832
22450	10.8227	15.17357
22500	10.84134	15.18881
22550	10.85996	15.20402
22600	10.87856	15.21921
22650	10.89712	15.23437
22700	10.91566	15.24951
22750	10.93417	15.26463
22800	10.95265	15.27973
22850	10.97111	15.29481
22900	10.98954	15.30986
22950	11.00794	15.32489
23000	11.02632	15.3399
23050	11.04466	15.35489
23100	11.06299	15.36985
23150	11.08128	15.3848
23200	11.09955	15.39972
23250	11.1178	15.41462
23300	11.13602	15.4295
23350	11.15421	15.44436
23400	11.17237	15.45919
23450	11.19051	15.47401
23500	11.20863	15.4888
23550	11.22671	15.50358
23600	11.24478	15.51833
23650	11.26281	15.53307
23700	11.28083	15.54778
23750	11.29881	15.56247
23800	11.31677	15.57714
23850	11.33471	15.59179
23900	11.35262	15.60643
23950	11.37051	15.62104
24000	11.38837	15.63563
24050	11.40621	15.6502
24100	11.42402	15.66475
24150	11.44181	15.67929
24200	11.45957	15.6938
24250	11.47731	15.70829
24300	11.49502	15.72277
24350	11.51271	15.73722
24400	11.53038	15.75166
24450	11.54802	15.76607
24500	11.56564	15.78047
24550	11.58323	15.79485
24600	11.6008	15.80921
24650	11.61835	15.82355
24700	11.63587	15.83787
24750	11.65337	15.85218
24800	11.67084	15.86646
24850	11.68829	15.88073
24900	11.70572	15.89498
24950	11.72313	15.90921
25000	11.74051	15.92342
25050	11.75787	15.93761
25100	11.7752	15.95179
25150	11.79252	15.96594
25200	11.80981	15.98008
25250	11.82707	15.99421
25300	11.84432	16.00831
25350	11.86154	16.0224
25400	11.87874	16.03647
25450	11.89592	16.05052
25500	11.91307	16.06455
25550	11.9302	16.07857
25600	11.94731	16.09257
25650	11.9644	16.10655
25700	11.98146	16.12052
25750	11.99851	16.13447
25800	12.01553	16.1484
25850	12.03253	16.16231
25900	12.0495	16.17621
25950	12.06646	16.19009
26000	12.08339	16.20396
26050	12.10031	16.2178
26100	12.1172	16.23163
26150	12.13407	16.24545
26200	12.15092	16.25925
26250	12.16774	16.27303
26300	12.18455	16.2868
26350	12.20133	16.30054
26400	12.21809	16.31428
26450	12.23484	16.328
26500	12.25156	16.3417
26550	12.26826	16.35538
26600	12.28494	16.36905
26650	12.3016	16.38271
26700	12.31823	16.39634
26750	12.33485	16.40997
26800	12.35145	16.42357
26850	12.36802	16.43716
26900	12.38458	16.45074
26950	12.40112	16.4643
27000	12.41763	16.47785
27050	12.43412	16.49138
27100	12.4506	16.50489
27150	12.46705	16.51839
27200	12.48349	16.53187
27250	12.4999	16.54534
27300	12.5163	16.5588
27350	12.53267	16.57224
27400	12.54903	16.58566
27450	12.56536	16.59907
27500	12.58168	16.61246
27550	12.59797	16.62584
27600	12.61425	16.63921
27650	12.6305	16.65256
27700	12.64674	16.6659
27750	12.66296	16.67922
27800	12.67916	16.69253
27850	12.69534	16.70582
27900	12.7115	16.7191
27950	12.72764	16.73236
28000	12.74376	16.74561
28050	12.75986	16.75885
28100	12.77595	16.77207
28150	12.79201	16.78528
28200	12.80806	16.79847
28250	12.82409	16.81165
28300	12.8401	16.82482
28350	12.85609	16.83797
28400	12.87206	16.85111
28450	12.88801	16.86423
28500	12.90395	16.87734
28550	12.91986	16.89044
28600	12.93576	16.90352
28650	12.95164	16.9166
28700	12.9675	16.92965
28750	12.98335	16.9427
28800	12.99917	16.95573
28850	13.01498	16.96874
28900	13.03077	16.98175
28950	13.04654	16.99474
29000	13.06229	17.00771
29050	13.07803	17.02068
29100	13.09375	17.03363
29150	13.10944	17.04657
29200	13.12513	17.05949
29250	13.14079	17.0724
29300	13.15644	17.0853
29350	13.17207	17.09819
29400	13.18768	17.11106
29450	13.20327	17.12392
29500	13.21885	17.13677
29550	13.23441	17.1496
29600	13.24995	17.16242
29650	13.26548	17.17523
29700	13.28099	17.18803
29750	13.29648	17.20081
29800	13.31195	17.21359
29850	13.32741	17.22635
29900	13.34285	17.23909
29950	13.35827	17.25183
30000	13.37368	17.26455
30050	13.38907	17.27726
30100	13.40444	17.28996
30150	13.4198	17.30265
30200	13.43514	17.31532
30250	13.45046	17.32798
30300	13.46576	17.34063
30350	13.48105	17.35327
30400	13.49633	17.36589
30450	13.51158	17.37851
30500	13.52682	17.39111
30550	13.54205	17.4037
30600	13.55725	17.41628
30650	13.57245	17.42885
30700	13.58762	17.4414
30750	13.60278	17.45394
30800	13.61792	17.46647
30850	13.63305	17.479
30900	13.64816	17.4915
30950	13.66326	17.504
31000	13.67834	17.51648
31050	13.6934	17.52896
31100	13.70844	17.54142
31150	13.72348	17.55387
31200	13.73849	17.56631
31250	13.75349	17.57874
31300	13.76848	17.59116
31350	13.78345	17.60356
31400	13.7984	17.61596
31450	13.81334	17.62834
31500	13.82826	17.64071
31550	13.84317	17.65308
31600	13.85806	17.66542
31650	13.87294	17.67776
31700	13.8878	17.69009
31750	13.90264	17.70241
31800	13.91747	17.71472
31850	13.93229	17.72701
31900	13.94709	17.7393
31950	13.96187	17.75157
32000	13.97664	17.76383
32050	13.9914	17.77608
32100	14.00614	17.78833
32150	14.02087	17.80056
32200	14.03558	17.81278
32250	14.05027	17.82499
32300	14.06495	17.83719
32350	14.07962	17.84937
32400	14.09427	17.86155
32450	14.10891	17.87372
32500	14.12353	17.88587
32550	14.13814	17.89802
32600	14.15273	17.91016
32650	14.16731	17.92228
32700	14.18188	17.9344
32750	14.19643	17.9465
32800	14.21096	17.9586
32850	14.22548	17.97068
32900	14.23999	17.98276
32950	14.25448	17.99482
33000	14.26896	18.00688
33050	14.28342	18.01892
33100	14.29787	18.03095
33150	14.31231	18.04298
33200	14.32673	18.05499
33250	14.34114	18.06699
33300	14.35553	18.07899
33350	14.36992	18.09097
33400	14.38428	18.10295
33450	14.39863	18.11491
33500	14.41297	18.12686
33550	14.4273	18.13881
33600	14.44161	18.15074
33650	14.4559	18.16267
33700	14.47019	18.17458
33750	14.48446	18.18649
33800	14.49871	18.19838
33850	14.51295	18.21027
33900	14.52718	18.22215
33950	14.5414	18.23401
34000	14.5556	18.24587
34050	14.56979	18.25772
34100	14.58397	18.26956
34150	14.59813	18.28139
34200	14.61228	18.29321
34250	14.62641	18.30502
34300	14.64053	18.31681
34350	14.65464	18.32861
34400	14.66874	18.34039
34450	14.68282	18.35216
34500	14.69689	18.36392
34550	14.71095	18.37568
34600	14.72499	18.38742
34650	14.73902	18.39916
34700	14.75304	18.41088
34750	14.76704	18.4226
34800	14.78103	18.43431
34850	14.79501	18.44601
34900	14.80897	18.4577
34950	14.82293	18.46938
35000	14.83687	18.48105
35050	14.85079	18.49271
35100	14.86471	18.50436
35150	14.87861	18.51601
35200	14.8925	18.52764
35250	14.90637	18.53927
35300	14.92024	18.55089
35350	14.93409	18.5625
35400	14.94793	18.5741
35450	14.96175	18.58569
35500	14.97557	18.59727
35550	14.98937	18.60884
35600	15.00316	18.62041
35650	15.01693	18.63196
35700	15.0307	18.64351
35750	15.04445	18.65505
35800	15.05819	18.66658
35850	15.07192	18.6781
35900	15.08563	18.68961
35950	15.09933	18.70112
36000	15.11303	18.71261
36050	15.1267	18.7241
36100	15.14037	18.73558
36150	15.15403	18.74705
36200	15.16767	18.75851
36250	15.1813	18.76996
36300	15.19492	18.78141
36350	15.20852	18.79284
36400	15.22212	18.80427
36450	15.2357	18.81569
36500	15.24927	18.8271
36550	15.26283	18.8385
36600	15.27638	18.8499
36650	15.28991	18.86128
36700	15.30344	18.87266
36750	15.31695	18.88403
36800	15.33045	18.89539
36850	15.34394	18.90674
36900	15.35742	18.91809
36950	15.37088	18.92942
37000	15.38434	18.94075
37050	15.39778	18.95207
37100	15.41121	18.96339
37150	15.42463	18.97469
37200	15.43803	18.98599
37250	15.45143	18.99727
37300	15.46482	19.00855
37350	15.47819	19.01983
37400	15.49155	19.03109
37450	15.5049	19.04235
37500	15.51824	19.05359
37550	15.53157	19.06483
37600	15.54489	19.07607
37650	15.55819	19.08729
37700	15.57149	19.09851
37750	15.58477	19.10972
37800	15.59805	19.12092
37850	15.61131	19.13211
37900	15.62456	19.14329
37950	15.6378	19.15447
38000	15.65103	19.16564
38050	15.66424	19.1768
38100	15.67745	19.18796
38150	15.69064	19.1991
38200	15.70383	19.21024
38250	15.717	19.22137
38300	15.73016	19.2325
38350	15.74332	19.24361
38400	15.75646	19.25472
38450	15.76959	19.26582
38500	15.78271	19.27692
38550	15.79582	19.288
38600	15.80892	19.29908
38650	15.822	19.31015
38700	15.83508	19.32121
38750	15.84814	19.33227
38800	15.8612	19.34332
38850	15.87425	19.35436
38900	15.88728	19.36539
38950	15.9003	19.37642
39000	15.91332	19.38744
39050	15.92632	19.39845
39100	15.93931	19.40945
39150	15.95229	19.42045
39200	15.96526	19.43144
39250	15.97822	19.44242
39300	15.99118	19.45339
39350	16.00411	19.46436
39400	16.01704	19.47532
39450	16.02996	19.48627
39500	16.04287	19.49722
39550	16.05577	19.50816
39600	16.06866	19.51909
39650	16.08154	19.53001
39700	16.09441	19.54093
39750	16.10727	19.55184
39800	16.12011	19.56274
39850	16.13295	19.57364
39900	16.14578	19.58452
39950	16.1586	19.5954
40000	16.17141	19.60628
40050	16.1842	19.61715
40100	16.19699	19.62801
40150	16.20977	19.63886
40200	16.22254	19.64971
40250	16.23529	19.66054
40300	16.24804	19.67138
40350	16.26078	19.6822
40400	16.27351	19.69302
40450	16.28623	19.70383
40500	16.29893	19.71464
40550	16.31163	19.72543
40600	16.32432	19.73622
40650	16.337	19.74701
40700	16.34967	19.75778
40750	16.36233	19.76855
40800	16.37498	19.77932
40850	16.38762	19.79007
40900	16.40025	19.80082
40950	16.41287	19.81157
41000	16.42548	19.8223
41050	16.43808	19.83303
41100	16.45068	19.84376
41150	16.46326	19.85447
41200	16.47583	19.86518
41250	16.4884	19.87588
41300	16.50095	19.88658
41350	16.51349	19.89727
41400	16.52603	19.90795
41450	16.53855	19.91863
41500	16.55107	19.9293
41550	16.56358	19.93996
41600	16.57607	19.95061
41650	16.58856	19.96127
41700	16.60104	19.97191
41750	16.61351	19.98254
41800	16.62597	19.99317
41850	16.63842	20.0038
41900	16.65086	20.01441
41950	16.6633	20.02502
42000	16.67572	20.03563
42050	16.68813	20.04623
42100	16.70054	20.05682
42150	16.71294	20.0674
42200	16.72532	20.07798
42250	16.7377	20.08855
42300	16.75007	20.09912
42350	16.76243	20.10968
42400	16.77478	20.12023
42450	16.78712	20.13078
42500	16.79945	20.14132
42550	16.81177	20.15185
42600	16.82409	20.16238
42650	16.83639	20.1729
42700	16.84869	20.18341
42750	16.86098	20.19392
42800	16.87326	20.20442
42850	16.88553	20.21492
42900	16.89779	20.22541
42950	16.91004	20.23589
43000	16.92228	20.24637
43050	16.93452	20.25684
43100	16.94674	20.26731
43150	16.95896	20.27777
43200	16.97117	20.28822
43250	16.98337	20.29866
43300	16.99556	20.3091
43350	17.00774	20.31954
43400	17.01991	20.32997
43450	17.03208	20.34039
43500	17.04423	20.35081
43550	17.05638	20.36122
43600	17.06852	20.37162
43650	17.08065	20.38202
43700	17.09277	20.39241
43750	17.10488	20.40279
43800	17.11699	20.41317
43850	17.12908	20.42355
43900	17.14117	20.43391
43950	17.15325	20.44428
44000	17.16532	20.45463
44050	17.17738	20.46498
44100	17.18944	20.47533
44150	17.20148	20.48566
44200	17.21352	20.496
44250	17.22555	20.50632
44300	17.23757	20.51664
44350	17.24958	20.52696
44400	17.26158	20.53727
44450	17.27358	20.54757
44500	17.28556	20.55786
44550	17.29754	20.56816
44600	17.30951	20.57844
44650	17.32147	20.58872
44700	17.33343	20.59899
44750	17.34537	20.60926
44800	17.35731	20.61952
44850	17.36924	20.62978
44900	17.38116	20.64003
44950	17.39307	20.65027
45000	17.40498	20.66051
45050	17.41687	20.67075
45100	17.42876	20.68097
45150	17.44064	20.69119
45200	17.45251	20.70141
45250	17.46438	20.71162
45300	17.47623	20.72182
45350	17.48808	20.73202
45400	17.49992	20.74222
45450	17.51175	20.7524
45500	17.52358	20.76259
45550	17.5354	20.77276
45600	17.5472	20.78293
45650	17.559	20.7931
45700	17.5708	20.80326
45750	17.58258	20.81341
45800	17.59436	20.82356
45850	17.60612	20.8337
45900	17.61789	20.84384
45950	17.62964	20.85397
46000	17.64138	20.8641
46050	17.65312	20.87422
46100	17.66485	20.88433
46150	17.67657	20.89444
46200	17.68829	20.90455
46250	17.69999	20.91465
46300	17.71169	20.92474
46350	17.72338	20.93483
46400	17.73507	20.94491
46450	17.74674	20.95499
46500	17.75841	20.96506
46550	17.77007	20.97512
46600	17.78172	20.98519
46650	17.79337	20.99524
46700	17.805	21.00529
46750	17.81663	21.01533
46800	17.82826	21.02537
46850	17.83987	21.03541
46900	17.85148	21.04544
46950	17.86308	21.05546
47000	17.87467	21.06548
47050	17.88625	21.07549
47100	17.89783	21.0855
47150	17.9094	21.0955
47200	17.92096	21.10549
47250	17.93251	21.11548
47300	17.94406	21.12547
47350	17.9556	21.13545
47400	17.96713	21.14543
47450	17.97866	21.1554
47500	17.99018	21.16536
47550	18.00169	21.17532
47600	18.01319	21.18528
47650	18.02468	21.19523
47700	18.03617	21.20517
47750	18.04765	21.21511
47800	18.05913	21.22504
47850	18.07059	21.23497
47900	18.08205	21.24489
47950	18.0935	21.25481
48000	18.10495	21.26472
48050	18.11638	21.27463
48100	18.12781	21.28454
48150	18.13924	21.29443
48200	18.15065	21.30433
48250	18.16206	21.31421
48300	18.17346	21.3241
48350	18.18485	21.33397
48400	18.19624	21.34385
48450	18.20762	21.35371
48500	18.21899	21.36358
48550	18.23036	21.37343
48600	18.24172	21.38328
48650	18.25307	21.39313
48700	18.26441	21.40297
48750	18.27575	21.41281
48800	18.28708	21.42264
48850	18.2984	21.43247
48900	18.30972	21.44229
48950	18.32103	21.45211
49000	18.33233	21.46192
49050	18.34362	21.47173
49100	18.35491	21.48153
49150	18.36619	21.49133
49200	18.37747	21.50112
49250	18.38874	21.51091
49300	18.4	21.52069
49350	18.41125	21.53046
49400	18.4225	21.54024
49450	18.43373	21.55
49500	18.44497	21.55977
49550	18.45619	21.56952
49600	18.46741	21.57928
49650	18.47863	21.58903
49700	18.48983	21.59877
49750	18.50103	21.60851
49800	18.51222	21.61824
49850	18.52341	21.62797
49900	18.53458	21.63769
49950	18.54576	21.64741
50000	18.55692	21.65713
50050	18.56808	21.66684
50100	18.57923	21.67654
50150	18.59038	21.68624
50200	18.60151	21.69594
50250	18.61264	21.70563
50300	18.62377	21.71531
50350	18.63489	21.72499
50400	18.646	21.73467
50450	18.6571	21.74434
50500	18.6682	21.75401
50550	18.67929	21.76367
50600	18.69038	21.77333
50650	18.70146	21.78298
50700	18.71253	21.79263
50750	18.72359	21.80227
50800	18.73465	21.81191
50850	18.7457	21.82154
50900	18.75675	21.83117
50950	18.76779	21.8408
51000	18.77882	21.85042
51050	18.78985	21.86003
51100	18.80087	21.86964
51150	18.81188	21.87925
51200	18.82288	21.88885
51250	18.83388	21.89844
51300	18.84488	21.90804
51350	18.85587	21.91762
51400	18.86685	21.92721
51450	18.87782	21.93679
51500	18.88879	21.94636
51550	18.89975	21.95593
51600	18.91071	21.96549
51650	18.92165	21.97505
51700	18.9326	21.98461
51750	18.94353	21.99416
51800	18.95446	22.00371
51850	18.96539	22.01325
51900	18.9763	22.02278
51950	18.98721	22.03232
52000	18.99812	22.04184
52050	19.00902	22.05137
52100	19.01991	22.06089
52150	19.03079	22.0704
52200	19.04167	22.07991
52250	19.05255	22.08942
52300	19.06341	22.09892
52350	19.07428	22.10842
52400	19.08513	22.11791
52450	19.09598	22.1274
52500	19.10682	22.13688
52550	19.11766	22.14636
52600	19.12849	22.15583
52650	19.13931	22.1653
52700	19.15013	22.17477
52750	19.16094	22.18423
52800	19.17174	22.19369
52850	19.18254	22.20314
52900	19.19334	22.21259
52950	19.20412	22.22203
53000	19.21491	22.23147
53050	19.22568	22.24091
53100	19.23645	22.25034
53150	19.24721	22.25977
53200	19.25797	22.26919
53250	19.26872	22.2786
53300	19.27946	22.28802
53350	19.2902	22.29743
53400	19.30093	22.30683
53450	19.31166	22.31623
53500	19.32238	22.32563
53550	19.3331	22.33502
53600	19.3438	22.34441
53650	19.35451	22.35379
53700	19.3652	22.36317
53750	19.3759	22.37254
53800	19.38658	22.38192
53850	19.39726	22.39128
53900	19.40793	22.40064
53950	19.4186	22.41
54000	19.42926	22.41935
54050	19.43992	22.4287
54100	19.45057	22.43805
54150	19.46121	22.44739
54200	19.47185	22.45673
54250	19.48248	22.46606
54300	19.49311	22.47539
54350	19.50373	22.48471
54400	19.51434	22.49403
54450	19.52495	22.50335
54500	19.53555	22.51266
54550	19.54615	22.52197
54600	19.55674	22.53127
54650	19.56733	22.54057
54700	19.57791	22.54986
54750	19.58848	22.55915
54800	19.59905	22.56844
54850	19.60961	22.57772
54900	19.62017	22.587
54950	19.63072	22.59627
55000	19.64127	22.60554
55050	19.65181	22.61481
55100	19.66234	22.62407
55150	19.67287	22.63333
55200	19.68339	22.64258
55250	19.69391	22.65183
55300	19.70442	22.66108
55350	19.71493	22.67032
55400	19.72543	22.67956
55450	19.73592	22.68879
55500	19.74641	22.69802
55550	19.7569	22.70724
55600	19.76737	22.71646
55650	19.77785	22.72568
55700	19.78831	22.73489
55750	19.79877	22.7441
55800	19.80923	22.75331
55850	19.81968	22.76251
55900	19.83012	22.77171
55950	19.84056	22.7809
56000	19.851	22.79009
56050	19.86143	22.79927
56100	19.87185	22.80845
56150	19.88227	22.81763
56200	19.89268	22.8268
56250	19.90308	22.83597
56300	19.91348	22.84514
56350	19.92388	22.8543
56400	19.93427	22.86345
56450	19.94465	22.87261
56500	19.95503	22.88176
56550	19.96541	22.8909
56600	19.97577	22.90004
56650	19.98614	22.90918
56700	19.99649	22.91831
56750	20.00684	22.92744
56800	20.01719	22.93657
56850	20.02753	22.94569
56900	20.03787	22.95481
56950	20.0482	22.96392
57000	20.05852	22.97303
57050	20.06884	22.98214
57100	20.07916	22.99124
57150	20.08947	23.00034
57200	20.09977	23.00943
57250	20.11007	23.01853
57300	20.12036	23.02761
57350	20.13065	23.0367
57400	20.14093	23.04577
57450	20.15121	23.05485
57500	20.16148	23.06392
57550	20.17175	23.07299
57600	20.18201	23.08205
57650	20.19226	23.09111
57700	20.20251	23.10017
57750	20.21276	23.10922
57800	20.223	23.11827
57850	20.23324	23.12731
57900	20.24347	23.13635
57950	20.25369	23.14539
58000	20.26391	23.15442
58050	20.27412	23.16345
58100	20.28433	23.17248
58150	20.29454	23.1815
58200	20.30474	23.19052
58250	20.31493	23.19954
58300	20.32512	23.20855
58350	20.3353	23.21755
58400	20.34548	23.22656
58450	20.35565	23.23556
58500	20.36582	23.24455
58550	20.37599	23.25354
58600	20.38614	23.26253
58650	20.3963	23.27152
58700	20.40644	23.2805
58750	20.41659	23.28947
58800	20.42672	23.29845
58850	20.43686	23.30742
58900	20.44698	23.31638
58950	20.45711	23.32535
59000	20.46722	23.33431
59050	20.47734	23.34326
59100	20.48744	23.35221
59150	20.49754	23.36116
59200	20.50764	23.3701
59250	20.51773	23.37904
59300	20.52782	23.38798
59350	20.5379	23.39691
59400	20.54798	23.40584
59450	20.55805	23.41477
59500	20.56812	23.42369
59550	20.57818	23.43261
59600	20.58824	23.44152
59650	20.59829	23.45044
59700	20.60834	23.45934
59750	20.61838	23.46825
59800	20.62842	23.47715
59850	20.63846	23.48605
59900	20.64848	23.49494
59950	20.65851	23.50383
60000	20.66852	23.51272
60050	20.67854	23.5216
60100	20.68855	23.53048
60150	20.69855	23.53935
60200	20.70855	23.54822
60250	20.71854	23.55709
60300	20.72853	23.56596
60350	20.73851	23.57482
60400	20.74849	23.58367
60450	20.75847	23.59253
60500	20.76844	23.60138
60550	20.7784	23.61023
60600	20.78836	23.61907
60650	20.79832	23.62791
60700	20.80827	23.63675
60750	20.81821	23.64558
60800	20.82815	23.65441
60850	20.83809	23.66324
60900	20.84802	23.67206
60950	20.85795	23.68088
61000	20.86787	23.68969
61050	20.87779	23.6985
61100	20.8877	23.70731
61150	20.89761	23.71612
61200	20.90751	23.72492
61250	20.91741	23.73372
61300	20.9273	23.74251
61350	20.93719	23.7513
61400	20.94707	23.76009
61450	20.95695	23.76887
61500	20.96683	23.77765
61550	20.9767	23.78643
61600	20.98656	23.7952
61650	20.99642	23.80398
61700	21.00628	23.81274
61750	21.01613	23.8215
61800	21.02597	23.83027
61850	21.03582	23.83902
61900	21.04565	23.84777
61950	21.05549	23.85653
62000	21.06531	23.86527
62050	21.07514	23.87401
62100	21.08496	23.88275
62150	21.09477	23.89149
62200	21.10458	23.90022
62250	21.11439	23.90895
62300	21.12419	23.91768
62350	21.13398	23.9264
62400	21.14377	23.93512
62450	21.15356	23.94384
62500	21.16334	23.95255
62550	21.17312	23.96126
62600	21.18289	23.96996
62650	21.19266	23.97867
62700	21.20243	23.98737
62750	21.21219	23.99606
62800	21.22194	24.00475
62850	21.23169	24.01344
62900	21.24144	24.02213
62950	21.25118	24.03081
63000	21.26091	24.03949
63050	21.27065	24.04817
63100	21.28037	24.05684
63150	21.2901	24.06551
63200	21.29982	24.07417
63250	21.30953	24.08284
63300	21.31924	24.09149
63350	21.32895	24.10015
63400	21.33865	24.1088
63450	21.34834	24.11745
63500	21.35804	24.1261
63550	21.36773	24.13474
63600	21.37741	24.14338
63650	21.38709	24.15202
63700	21.39676	24.16065
63750	21.40643	24.16928
63800	21.4161	24.17791
63850	21.42576	24.18653
63900	21.43542	24.19515
63950	21.44507	24.20377
64000	21.45472	24.21238
64050	21.46436	24.22099
64100	21.474	24.2296
64150	21.48364	24.2382
64200	21.49327	24.2468
64250	21.50289	24.2554
64300	21.51252	24.26399
64350	21.52213	24.27258
64400	21.53175	24.28117
64450	21.54136	24.28976
64500	21.55096	24.29834
64550	21.56056	24.30692
64600	21.57016	24.31549
64650	21.57975	24.32406
64700	21.58934	24.33263
64750	21.59892	24.3412
64800	21.6085	24.34976
64850	21.61807	24.35832
64900	21.62765	24.36687
64950	21.63721	24.37543
65000	21.64677	24.38398
65050	21.65633	24.39252
65100	21.66588	24.40106
65150	21.67543	24.4096
65200	21.68498	24.41814
65250	21.69452	24.42668
65300	21.70406	24.43521
65350	21.71359	24.44373
65400	21.72312	24.45226
65450	21.73264	24.46078
65500	21.74216	24.4693
65550	21.75167	24.47781
65600	21.76119	24.48632
65650	21.77069	24.49483
65700	21.7802	24.50334
65750	21.78969	24.51184
65800	21.79919	24.52034
65850	21.80868	24.52884
65900	21.81817	24.53733
65950	21.82765	24.54582
66000	21.83713	24.5543
66050	21.8466	24.56279
66100	21.85607	24.57127
66150	21.86554	24.57975
66200	21.875	24.58822
66250	21.88445	24.59669
66300	21.89391	24.60516
66350	21.90336	24.61363
66400	21.9128	24.62209
66450	21.92224	24.63055
66500	21.93168	24.63901
66550	21.94111	24.64746
66600	21.95054	24.65591
66650	21.95997	24.66436
66700	21.96939	24.6728
66750	21.9788	24.68124
66800	21.98821	24.68968
66850	21.99762	24.69811
66900	22.00703	24.70654
66950	22.01643	24.71497
67000	22.02582	24.7234
67050	22.03522	24.73182
67100	22.0446	24.74024
67150	22.05399	24.74866
67200	22.06337	24.75707
67250	22.07274	24.76548
67300	22.08212	24.77389
67350	22.09148	24.7823
67400	22.10085	24.7907
67450	22.11021	24.7991
67500	22.11956	24.80749
67550	22.12891	24.81588
67600	22.13826	24.82427
67650	22.14761	24.83266
67700	22.15695	24.84104
67750	22.16628	24.84943
67800	22.17562	24.8578
67850	22.18494	24.86618
67900	22.19427	24.87455
67950	22.20359	24.88292
68000	22.2129	24.89128
68050	22.22222	24.89965
68100	22.23153	24.90801
68150	22.24083	24.91636
68200	22.25013	24.92472
68250	22.25943	24.93307
68300	22.26872	24.94142
68350	22.27801	24.94976
68400	22.28729	24.95811
68450	22.29658	24.96645
68500	22.30585	24.97478
68550	22.31512	24.98312
68600	22.32439	24.99145
68650	22.33366	24.99978
68700	22.34292	25.0081
68750	22.35218	25.01642
68800	22.36143	25.02474
68850	22.37068	25.03306
68900	22.37993	25.04137
68950	22.38917	25.04968
69000	22.39841	25.05799
69050	22.40764	25.06629
69100	22.41688	25.0746
69150	22.4261	25.0829
69200	22.43533	25.09119
69250	22.44455	25.09949
69300	22.45376	25.10778
69350	22.46297	25.11606
69400	22.47218	25.12435
69450	22.48138	25.13263
69500	22.49059	25.14091
69550	22.49978	25.14918
69600	22.50897	25.15746
69650	22.51816	25.16573
69700	22.52735	25.174
69750	22.53653	25.18226
69800	22.54571	25.19052
69850	22.55488	25.19878
69900	22.56405	25.20704
69950	22.57322	25.21529
70000	22.58238	25.22354
70050	22.59154	25.23179
70100	22.6007	25.24003
70150	22.60985	25.24827
70200	22.619	25.25651
70250	22.62814	25.26475
70300	22.63728	25.27298
70350	22.64642	25.28121
70400	22.65555	25.28944
70450	22.66468	25.29767
70500	22.6738	25.30589
70550	22.68293	25.31411
70600	22.69204	25.32233
70650	22.70116	25.33054
70700	22.71027	25.33875
70750	22.71937	25.34696
70800	22.72848	25.35517
70850	22.73758	25.36337
70900	22.74667	25.37157
70950	22.75577	25.37977
71000	22.76485	25.38796
71050	22.77394	25.39615
71100	22.78302	25.40434
71150	22.7921	25.41253
71200	22.80117	25.42071
71250	22.81024	25.42889
71300	22.81931	25.43707
71350	22.82837	25.44525
71400	22.83743	25.45342
71450	22.84649	25.46159
71500	22.85554	25.46975
71550	22.86459	25.47792
71600	22.87363	25.48608
71650	22.88267	25.49424
71700	22.89171	25.5024
71750	22.90075	25.51055
71800	22.90978	25.5187
71850	22.9188	25.52685
71900	22.92783	25.53499
71950	22.93685	25.54314
72000	22.94586	25.55128
72050	22.95488	25.55941
72100	22.96389	25.56755
72150	22.97289	25.57568
72200	22.98189	25.58381
72250	22.99089	25.59193
72300	22.99989	25.60006
72350	23.00888	25.60818
72400	23.01787	25.6163
72450	23.02685	25.62441
72500	23.03583	25.63253
72550	23.04481	25.64064
72600	23.05378	25.64874
72650	23.06275	25.65685
72700	23.07172	25.66495
72750	23.08068	25.67305
72800	23.08964	25.68115
72850	23.0986	25.68924
72900	23.10755	25.69733
72950	23.1165	25.70542
73000	23.12545	25.71351
73050	23.13439	25.72159
73100	23.14333	25.72967
73150	23.15226	25.73775
73200	23.16119	25.74583
73250	23.17012	25.7539
73300	23.17905	25.76197
73350	23.18797	25.77004
73400	23.19689	25.7781
73450	23.2058	25.78617
73500	23.21471	25.79423
73550	23.22362	25.80228
73600	23.23252	25.81034
73650	23.24143	25.81839
73700	23.25032	25.82644
73750	23.25922	25.83449
73800	23.26811	25.84253
73850	23.27699	25.85057
73900	23.28588	25.85861
73950	23.29476	25.86665
74000	23.30363	25.87468
74050	23.31251	25.88271
74100	23.32138	25.89074
74150	23.33025	25.89877
74200	23.33911	25.90679
74250	23.34797	25.91481
74300	23.35682	25.92283
74350	23.36568	25.93085
74400	23.37453	25.93886
74450	23.38337	25.94687
74500	23.39222	25.95488
74550	23.40105	25.96288
74600	23.40989	25.97088
74650	23.41872	25.97889
74700	23.42755	25.98688
74750	23.43638	25.99488
74800	23.4452	26.00287
74850	23.45402	26.01086
74900	23.46284	26.01885
74950	23.47165	26.02683
75000	23.48046	26.03482
75050	23.48927	26.0428
75100	23.49807	26.05077
75150	23.50687	26.05875
75200	23.51566	26.06672
75250	23.52446	26.07469
75300	23.53325	26.08266
75350	23.54203	26.09062
75400	23.55082	26.09858
75450	23.5596	26.10654
75500	23.56837	26.1145
75550	23.57714	26.12245
75600	23.58591	26.13041
75650	23.59468	26.13836
75700	23.60344	26.1463
75750	23.6122	26.15425
75800	23.62096	26.16219
75850	23.62971	26.17013
75900	23.63846	26.17807
75950	23.64721	26.186
76000	23.65595	26.19393
76050	23.66469	26.20186
76100	23.67343	26.20979
76150	23.68216	26.21771
76200	23.69089	26.22564
76250	23.69962	26.23355
76300	23.70835	26.24147
76350	23.71707	26.24939
76400	23.72578	26.2573
76450	23.7345	26.26521
76500	23.74321	26.27312
76550	23.75192	26.28102
76600	23.76062	26.28892
76650	23.76932	26.29682
76700	23.77802	26.30472
76750	23.78672	26.31261
76800	23.79541	26.32051
76850	23.8041	26.3284
76900	23.81278	26.33628
76950	23.82146	26.34417
77000	23.83014	26.35205
77050	23.83882	26.35993
77100	23.84749	26.36781
77150	23.85616	26.37568
77200	23.86483	26.38356
77250	23.87349	26.39143
77300	23.88215	26.3993
77350	23.89081	26.40716
77400	23.89946	26.41502
77450	23.90811	26.42289
77500	23.91676	26.43074
77550	23.9254	26.4386
77600	23.93404	26.44645
77650	23.94268	26.4543
77700	23.95132	26.46215
77750	23.95995	26.47
77800	23.96858	26.47784
77850	23.9772	26.48568
77900	23.98582	26.49352
77950	23.99444	26.50136
78000	24.00306	26.50919
78050	24.01167	26.51702
78100	24.02028	26.52485
78150	24.02889	26.53268
78200	24.03749	26.5405
78250	24.04609	26.54833
78300	24.05469	26.55615
78350	24.06329	26.56396
78400	24.07188	26.57178
78450	24.08046	26.57959
78500	24.08905	26.5874
78550	24.09763	26.59521
78600	24.10621	26.60301
78650	24.11479	26.61082
78700	24.12336	26.61862
78750	24.13193	26.62642
78800	24.1405	26.63421
78850	24.14906	26.64201
78900	24.15762	26.6498
78950	24.16618	26.65759
79000	24.17473	26.66537
79050	24.18328	26.67316
79100	24.19183	26.68094
79150	24.20038	26.68872
79200	24.20892	26.6965
79250	24.21746	26.70427
79300	24.22599	26.71204
79350	24.23453	26.71981
79400	24.24305	26.72758
79450	24.25158	26.73535
79500	24.26011	26.74311
79550	24.26863	26.75087
79600	24.27715	26.75863
79650	24.28566	26.76638
79700	24.29417	26.77414
79750	24.30268	26.78189
79800	24.31119	26.78964
79850	24.31969	26.79739
79900	24.32819	26.80513
79950	24.33669	26.81287
80000	24.34518	26.82061
80050	24.35367	26.82835
80100	24.36216	26.83609
80150	24.37064	26.84382
80200	24.37913	26.85155
80250	24.38761	26.85928
80300	24.39608	26.867
80350	24.40455	26.87473
80400	24.41303	26.88245
80450	24.42149	26.89017
80500	24.42996	26.89789
80550	24.43842	26.9056
80600	24.44688	26.91331
80650	24.45533	26.92102
80700	24.46378	26.92873
80750	24.47223	26.93644
80800	24.48068	26.94414
80850	24.48912	26.95184
80900	24.49756	26.95954
80950	24.506	26.96724
81000	24.51444	26.97493
81050	24.52287	26.98262
81100	24.5313	26.99031
81150	24.53972	26.998
81200	24.54815	27.00568
81250	24.55657	27.01337
81300	24.56499	27.02105
81350	24.5734	27.02873
81400	24.58181	27.0364
81450	24.59022	27.04407
81500	24.59862	27.05175
81550	24.60703	27.05942
81600	24.61543	27.06708
81650	24.62383	27.07475
81700	24.63222	27.08241
81750	24.64061	27.09007
81800	24.649	27.09773
81850	24.65738	27.10538
81900	24.66577	27.11304
81950	24.67415	27.12069
82000	24.68252	27.12834
82050	24.6909	27.13599
82100	24.69927	27.14363
82150	24.70764	27.15127
82200	24.716	27.15891
82250	24.72437	27.16655
82300	24.73272	27.17419
82350	24.74108	27.18182
82400	24.74944	27.18945
82450	24.75779	27.19708
82500	24.76614	27.20471
82550	24.77448	27.21233
82600	24.78282	27.21996
82650	24.79116	27.22758
82700	24.7995	27.2352
82750	24.80784	27.24281
82800	24.81617	27.25042
82850	24.8245	27.25804
82900	24.83282	27.26565
82950	24.84115	27.27325
83000	24.84946	27.28086
83050	24.85778	27.28846
83100	24.8661	27.29606
83150	24.87441	27.30366
83200	24.88272	27.31126
83250	24.89102	27.31885
83300	24.89933	27.32644
83350	24.90763	27.33403
83400	24.91593	27.34162
83450	24.92422	27.34921
83500	24.93251	27.35679
83550	24.9408	27.36437
83600	24.94909	27.37195
83650	24.95737	27.37953
83700	24.96566	27.3871
83750	24.97393	27.39467
83800	24.98221	27.40224
83850	24.99048	27.40981
83900	24.99875	27.41738
83950	25.00702	27.42494
84000	25.01528	27.4325
84050	25.02355	27.44006
84100	25.0318	27.44762
84150	25.04006	27.45518
84200	25.04831	27.46273
84250	25.05657	27.47028
84300	25.06481	27.47783
84350	25.07306	27.48537
84400	25.0813	27.49292
84450	25.08954	27.50046
84500	25.09778	27.508
84550	25.10601	27.51554
84600	25.11425	27.52308
84650	25.12248	27.53061
84700	25.1307	27.53814
84750	25.13893	27.54567
84800	25.14715	27.5532
84850	25.15536	27.56072
84900	25.16358	27.56825
84950	25.17179	27.57577
85000	25.18	27.58329
85050	25.18821	27.5908
85100	25.19641	27.59832
85150	25.20462	27.60583
85200	25.21282	27.61334
85250	25.22101	27.62085
85300	25.22921	27.62836
85350	25.2374	27.63586
85400	25.24559	27.64336
85450	25.25377	27.65086
85500	25.26196	27.65836
85550	25.27014	27.66586
85600	25.27831	27.67335
85650	25.28649	27.68085
85700	25.29466	27.68833
85750	25.30283	27.69582
85800	25.311	27.70331
85850	25.31917	27.71079
85900	25.32733	27.71827
85950	25.33549	27.72575
86000	25.34364	27.73323
86050	25.3518	27.7407
86100	25.35995	27.74818
86150	25.3681	27.75565
86200	25.37624	27.76312
86250	25.38439	27.77058
86300	25.39253	27.77805
86350	25.40067	27.78551
86400	25.4088	27.79297
86450	25.41693	27.80043
86500	25.42507	27.80789
86550	25.43319	27.81534
86600	25.44132	27.82279
86650	25.44944	27.83025
86700	25.45756	27.83769
86750	25.46568	27.84514
86800	25.47379	27.85258
86850	25.48191	27.86003
86900	25.49001	27.86747
86950	25.49812	27.8749
87000	25.50623	27.88234
87050	25.51433	27.88978
87100	25.52243	27.89721
87150	25.53052	27.90464
87200	25.53862	27.91206
87250	25.54671	27.91949
87300	25.5548	27.92692
87350	25.56288	27.93434
87400	25.57097	27.94176
87450	25.57905	27.94917
87500	25.58713	27.95659
87550	25.5952	27.964
87600	25.60328	27.97142
87650	25.61135	27.97883
87700	25.61942	27.98623
87750	25.62748	27.99364
87800	25.63554	28.00104
87850	25.6436	28.00844
87900	25.65166	28.01584
87950	25.65972	28.02324
88000	25.66777	28.03064
88050	25.67582	28.03803
88100	25.68387	28.04542
88150	25.69191	28.05281
88200	25.69996	28.0602
88250	25.708	28.06759
88300	25.71604	28.07497
88350	25.72407	28.08235
88400	25.7321	28.08973
88450	25.74013	28.09711
88500	25.74816	28.10448
88550	25.75618	28.11186
88600	25.76421	28.11923
88650	25.77223	28.1266
88700	25.78025	28.13397
88750	25.78826	28.14133
88800	25.79627	28.1487
88850	25.80428	28.15606
88900	25.81229	28.16342
88950	25.8203	28.17078
89000	25.8283	28.17813
89050	25.8363	28.18549
89100	25.8443	28.19284
89150	25.85229	28.20019
89200	25.86028	28.20754
89250	25.86827	28.21488
89300	25.87626	28.22223
89350	25.88425	28.22957
89400	25.89223	28.23691
89450	25.90021	28.24425
89500	25.90819	28.25158
89550	25.91616	28.25892
89600	25.92413	28.26625
89650	25.9321	28.27358
89700	25.94007	28.28091
89750	25.94804	28.28824
89800	25.956	28.29556
89850	25.96396	28.30288
89900	25.97192	28.3102
89950	25.97987	28.31752
90000	25.98783	28.32484
90050	25.99578	28.33215
90100	26.00372	28.33947
90150	26.01167	28.34678
90200	26.01961	28.35409
90250	26.02755	28.36139
90300	26.03549	28.3687
90350	26.04343	28.376
90400	26.05136	28.3833
90450	26.05929	28.3906
90500	26.06722	28.3979
90550	26.07515	28.40519
90600	26.08307	28.41249
90650	26.09099	28.41978
90700	26.09891	28.42707
90750	26.10683	28.43436
90800	26.11474	28.44164
90850	26.12266	28.44893
90900	26.13056	28.45621
90950	26.13847	28.46349
91000	26.14637	28.47077
91050	26.15428	28.47805
91100	26.16218	28.48532
91150	26.17007	28.49259
91200	26.17797	28.49986
91250	26.18586	28.50713
91300	26.19375	28.5144
91350	26.20164	28.52166
91400	26.20952	28.52893
91450	26.21741	28.53619
91500	26.22529	28.54345
91550	26.23317	28.55071
91600	26.24104	28.55796
91650	26.24892	28.56521
91700	26.25679	28.57247
91750	26.26465	28.57972
91800	26.27252	28.58696
91850	26.28038	28.59421
91900	26.28825	28.60145
91950	26.29611	28.6087
92000	26.30396	28.61594
92050	26.31182	28.62317
92100	26.31967	28.63041
92150	26.32752	28.63765
92200	26.33536	28.64488
92250	26.34321	28.65211
92300	26.35105	28.65934
92350	26.35889	28.66657
92400	26.36673	28.67379
92450	26.37457	28.68102
92500	26.3824	28.68824
92550	26.39023	28.69546
92600	26.39806	28.70268
92650	26.40589	28.70989
92700	26.41371	28.71711
92750	26.42153	28.72432
92800	26.42935	28.73153
92850	26.43717	28.73874
92900	26.44498	28.74594
92950	26.45279	28.75315
93000	26.4606	28.76035
93050	26.46841	28.76756
93100	26.47621	28.77475
93150	26.48402	28.78195
93200	26.49182	28.78915
93250	26.49962	28.79634
93300	26.50741	28.80353
93350	26.51521	28.81072
93400	26.523	28.81791
93450	26.53079	28.8251
93500	26.53857	28.83228
93550	26.54636	28.83947
93600	26.55414	28.84665
93650	26.56192	28.85383
93700	26.5697	28.861
93750	26.57747	28.86818
93800	26.58525	28.87535
93850	26.59302	28.88253
93900	26.60078	28.8897
93950	26.60855	28.89686
94000	26.61632	28.90403
94050	26.62408	28.9112
94100	26.63184	28.91836
94150	26.63959	28.92552
94200	26.64735	28.93268
94250	26.6551	28.93984
94300	26.66285	28.94699
94350	26.6706	28.95415
94400	26.67834	28.9613
94450	26.68609	28.96845
94500	26.69383	28.9756
94550	26.70157	28.98274
94600	26.7093	28.98989
94650	26.71704	28.99703
94700	26.72477	29.00417
94750	26.7325	29.01131
94800	26.74023	29.01845
94850	26.74795	29.02558
94900	26.75568	29.03272
94950	26.7634	29.03985
95000	26.77112	29.04698
95050	26.77883	29.05411
95100	26.78655	29.06124
95150	26.79426	29.06836
95200	26.80197	29.07549
95250	26.80968	29.08261
95300	26.81738	29.08973
95350	26.82508	29.09684
95400	26.83279	29.10396
95450	26.84048	29.11107
95500	26.84818	29.11819
95550	26.85587	29.1253
95600	26.86357	29.13241
95650	26.87126	29.13951
95700	26.87894	29.14662
95750	26.88663	29.15372
95800	26.89431	29.16083
95850	26.90199	29.16793
95900	26.90967	29.17503
95950	26.91735	29.18212
96000	26.92502	29.18922
96050	26.93269	29.19631
96100	26.94036	29.2034
96150	26.94803	29.21049
96200	26.9557	29.21758
96250	26.96336	29.22466
96300	26.97102	29.23175
96350	26.97868	29.23883
96400	26.98634	29.24591
96450	26.99399	29.25299
96500	27.00164	29.26007
96550	27.00929	29.26714
96600	27.01694	29.27422
96650	27.02459	29.28129
96700	27.03223	29.28836
96750	27.03987	29.29543
96800	27.04751	29.3025
96850	27.05515	29.30956
96900	27.06278	29.31662
96950	27.07041	29.32369
97000	27.07804	29.33075
97050	27.08567	29.3378
97100	27.0933	29.34486
97150	27.10092	29.35192
97200	27.10854	29.35897
97250	27.11616	29.36602
97300	27.12378	29.37307
97350	27.1314	29.38012
97400	27.13901	29.38716
97450	27.14662	29.39421
97500	27.15423	29.40125
97550	27.16184	29.40829
97600	27.16944	29.41533
97650	27.17704	29.42237
97700	27.18465	29.4294
97750	27.19224	29.43644
97800	27.19984	29.44347
97850	27.20743	29.4505
97900	27.21503	29.45753
97950	27.22262	29.46456
98000	27.2302	29.47158
98050	27.23779	29.47861
98100	27.24537	29.48563
98150	27.25295	29.49265
98200	27.26053	29.49967
98250	27.26811	29.50668
98300	27.27568	29.5137
98350	27.28326	29.52071
98400	27.29083	29.52772
98450	27.2984	29.53473
98500	27.30596	29.54174
98550	27.31353	29.54875
98600	27.32109	29.55575
98650	27.32865	29.56276
98700	27.33621	29.56976
98750	27.34376	29.57676
98800	27.35132	29.58376
98850	27.35887	29.59075
98900	27.36642	29.59775
98950	27.37396	29.60474
99000	27.38151	29.61173
99050	27.38905	29.61872
99100	27.3966	29.62571
99150	27.40413	29.6327
99200	27.41167	29.63968
99250	27.41921	29.64666
99300	27.42674	29.65365
99350	27.43427	29.66062
99400	27.4418	29.6676
99450	27.44933	29.67458
99500	27.45685	29.68155
99550	27.46437	29.68853
99600	27.47189	29.6955
99650	27.47941	29.70247
99700	27.48693	29.70944
99750	27.49444	29.7164
99800	27.50195	29.72337
99850	27.50946	29.73033
99900	27.51697	29.73729
99950	27.52448	29.74425
100000	27.53198	29.75121
100050	27.53948	29.75817
100100	27.54698	29.76512
100150	27.55448	29.77207
100200	27.56198	29.77902
100250	27.56947	29.78597
100300	27.57696	29.79292
100350	27.58445	29.79987
100400	27.59194	29.80681
100450	27.59942	29.81376
100500	27.60691	29.8207
100550	27.61439	29.82764
100600	27.62187	29.83458
100650	27.62934	29.84151
100700	27.63682	29.84845
100750	27.64429	29.85538
100800	27.65176	29.86231
100850	27.65923	29.86924
100900	27.6667	29.87617
100950	27.67416	29.8831
101000	27.68163	29.89002
