296.6	4.941	4.48
298	4.977	4.335
299.5	4.999	4.204
300.9	5.012	4.086
302.4	5.02	3.979
303.9	5.021	3.885
305.4	5.02	3.798
306.9	5.018	3.72
308.4	5.015	3.65
310	5.01	3.587
311.5	5.009	3.529
313.1	5.01	3.477
314.7	5.009	3.429
316.3	5.012	3.386
317.9	5.016	3.346
319.5	5.021	3.31
321.2	5.029	3.275
322.9	5.04	3.242
324.6	5.052	3.211
326.3	5.065	3.182
328	5.079	3.154
329.7	5.095	3.128
331.5	5.115	3.103
333.3	5.134	3.079
335.1	5.156	3.058
336.9	5.179	3.039
338.8	5.204	3.021
340.6	5.231	3.007
342.5	5.261	2.995
344.4	5.296	2.987
346.3	5.336	2.983
348.3	5.383	2.984
350.2	5.442	2.989
352.2	5.515	2.999
354.2	5.61	3.014
356.3	5.733	3.026
358.3	5.894	3.023
360.4	6.089	2.982
362.5	6.308	2.881
364.7	6.522	2.705
366.8	6.695	2.456
369	6.796	2.169
371.2	6.829	1.87
373.4	6.799	1.571
375.7	6.709	1.321
378	6.585	1.11
380.3	6.452	0.945
382.7	6.316	0.815
385	6.185	0.714
387.5	6.062	0.63
389.9	5.948	0.561
392.4	5.842	0.505
394.9	5.744	0.456
397.4	5.654	0.416
400	5.57	0.387
402.5	5.493	0.355
405.2	5.42	0.329
407.8	5.349	0.313
410.5	5.284	0.291
413.3	5.222	0.269
416.1	5.164	0.255
418.9	5.109	0.244
421.7	5.058	0.228
424.6	5.009	0.211
427.5	4.961	0.203
430.5	4.916	0.194
433.5	4.872	0.185
436.6	4.831	0.185
439.7	4.791	0.17
442.8	4.753	0.163
446	4.718	0.149
449.2	4.682	0.149
452.5	4.648	0.133
455.8	4.615	0.131
459.2	4.583	0.13
462.6	4.553	0.131
466.1	4.522	0.134
469.6	4.495	0.12
473.2	4.466	0.12
476.9	4.442	0.09
480.6	4.416	0.094
484.3	4.391	0.083
488.1	4.367	0.079
492	4.343	0.077
495.9	4.32	0.073
499.9	4.298	0.073
504	4.277	0.066
508.1	4.255	0.072
512.3	4.235	0.06
516.6	4.215	0.06
520.9	4.196	0.056
525.4	4.177	0.053
529.9	4.159	0.043
534.4	4.14	0.045
539.1	4.123	0.048
543.8	4.106	0.044
548.6	4.089	0.044
553.5	4.073	0.032
558.5	4.057	0.038
563.6	4.042	0.032
568.7	4.026	0.034
574	4.012	0.03
579.4	3.997	0.027
584.8	3.983	0.03
590.4	3.969	0.03
596.1	3.956	0.027
601.9	3.943	0.025
607.8	3.931	0.025
613.8	3.918	0.024
619.9	3.906	0.022
626.2	3.893	0.022
632.6	3.882	0.019
639.1	3.87	0.018
645.8	3.858	0.017
652.6	3.847	0.016
659.5	3.837	0.016
666.6	3.826	0.015
673.8	3.815	0.014
681.2	3.805	0.013
688.8	3.796	0.013
696.5	3.787	0.013
704.5	3.778	0.012
712.6	3.768	0.011
720.8	3.761	0.011
729.3	3.752	0.01
738	3.745	0.01
746.9	3.736	0.009
756	3.728	0.009
765.3	3.721	0.008
774.9	3.714	0.008
784.7	3.705	0.007
794.8	3.697	0.007
805.1	3.688	0.006
815.7	3.681	0.006
826.6	3.673	0.005
885.6	3.673	0.00775
953.7	3.673	0.00226
968.6	3.673	0.00064
984	3.673	0.00051
999.9	3.673	0.0004
1016	3.673	0.00028
1033	3.673	0.00018
1051	3.673	0.00012
1069	3.673	6.7e-05
1088	3.673	4.2e-05
1107	3.673	2.5e-05
1120	3.5361	2.5e-05
1127	3.5361	1.3e-05
1144	3.5295	1.3e-05
1148	3.5295	5.8e-06
1170	3.5295	1.5e-06
1200	3.5193	1.5e-06
1372	3.5007	1.5e-06
1400	3.4876	1.5e-06
1532	3.4784	1.5e-06
1600	3.471	1.5e-06
1696	3.4644	1.5e-06
1800	3.4578	1.5e-06
2000	3.449	1.5e-06
2437.3	3.4434	1.5e-06
2500	3.4424	1.5e-06
2714.4	3.4393	2.5e-09
3000	3.4361	2.5e-09
3303.3	3.4335	2.5e-09
3418.8	3.4327	2.5e-09
3500	3.4321	2.5e-09
3800	3.4321	1.3e-08
4000	3.4294	1.3e-08
5000	3.4261	1.99e-07
5128	3.4261	2.82e-07
5263	3.4261	2.97e-07
5405	3.4261	3.26e-07
5556	3.4261	3.94e-07
5714	3.4261	4.05e-07
5882	3.4261	4.17e-07
6000	3.4242	4.17e-07
6061	3.4242	5.64e-07
6250	3.4242	8.46e-07
6452	3.4242	1.74e-06
6667	3.4242	2.66e-06
6897	3.4242	2.45e-05
7000	3.4231	2.45e-05
7143	3.4231	1.68e-05
7407	3.4231	1.62e-05
7692	3.4231	2.49e-05
8000	3.4224	1.53e-05
8333	3.4224	2.41e-05
8696	3.4224	5.13e-05
8850	3.4224	7.11e-05
8889	3.4224	6.44e-05
8929	3.4224	8.38e-05
9000	3.4219	8.38e-05
9009	3.4219	8.46e-05
9091	3.4219	5.49e-05
9259	3.4219	4.72e-05
9434	3.4219	3.75e-05
9615	3.4219	3.67e-05
9804	3.4219	4.84e-05
10000	3.4215	6.76e-05
10200	3.4215	0.000109
10310	3.4215	0.000122
10420	3.4215	0.000124
10530	3.4215	0.000122
10640	3.4215	0.000127
10870	3.4215	0.000166
11110	3.4215	0.000202
11240	3.4215	0.000208
11360	3.4215	0.000202
11490	3.4215	0.000201
11630	3.4215	0.000173
11760	3.4215	0.000153
11900	3.4215	0.000144
12050	3.4215	0.000177
12200	3.4215	0.000206
12350	3.4215	0.000197
12500	3.4215	0.000177
12660	3.4215	0.000207
12820	3.4215	0.000214
12990	3.4215	0.000227
13160	3.4215	0.000239
13330	3.4215	0.000259
13500	3.4209	0.000259
13510	3.4209	0.000312
13700	3.4209	0.000303
13890	3.4209	0.000221
14080	3.4209	0.000157
14290	3.4209	0.000102
14490	3.4209	0.000112
14500	3.4208	0.000112
14710	3.4208	0.000125
14930	3.4208	0.000124
15000	3.4207	0.000124
15150	3.4207	0.000141
15380	3.4207	0.000152
15630	3.4207	0.000164
15870	3.4207	0.000505
16130	3.4207	0.000963
16390	3.4207	0.00111
16500	3.4207	0.00125
16670	3.4207	0.000716
16950	3.4207	0.000418
17240	3.4207	0.000365
17540	3.4207	0.000415
17860	3.4207	0.000384
18520	3.4207	0.00034
19230	3.4207	0.000318
20000	3.4204	0.000286
20830	3.4204	0.000222
21740	3.4204	0.000156
22730	3.4204	0.000127
23810	3.4204	0.000106
25000	3.4201	9.15e-05
25640	3.4201	9.39e-05
26320	3.4201	0.000105
27030	3.4201	0.000112
27780	3.4201	0.000108
28570	3.4201	0.000108
29410	3.4201	0.000108
30300	3.42	0.000108
33330	3.42	0.000108
40000	3.4199	0.000108
50000	3.4197	0.000108
62500	3.4195	0.00017
71430	3.4192	0.00019
83330	3.419	0.00023
90910	3.4188	0.00023
100000	3.4185	0.00029
111100	3.4185	0.00035
125000	3.418	0.00043
142900	3.418	0.00055
166700	3.417	0.00072
200000	3.4165	0.001
250000	3.416	0.0014
333300	3.4155	0.0014
