280.347	1.49404	0.000000001
289.36	1.49099	0.000000001
296.728	1.48873	0.000000001
302.15	1.48719	0.000000001
330.259	1.48053	0.000000001
334.148	1.47976	0.000000001
340.365	1.47858	0.000000001
346.62	1.47746	0.000000001
361.051	1.47512	0.000000001
365.015	1.47453	0.000000001
390 	1.478159	2.15324E-06
390.64	1.478074	0.000002185
391.2133	1.477989	2.21707E-06
391.7867	1.477905	2.24946E-06
392.36	1.477821	2.28217E-06
392.9333	1.477737	2.3152E-06
393.5067	1.477653	2.34855E-06
394.08	1.47757	2.38222E-06
394.6533	1.477488	2.41622E-06
395.2267	1.477405	2.45053E-06
395.8	1.477323	2.48517E-06
396.3733	1.477242	2.52013E-06
396.9467	1.47716	2.55542E-06
397.52	1.477079	2.59103E-06
398.0933	1.476999	2.62697E-06
398.6667	1.476919	2.66323E-06
399.24	1.476839	2.69982E-06
399.8133	1.476759	2.73674E-06
400.3867	1.47668	2.77398E-06
400.96	1.476601	2.81155E-06
401.5333	1.476523	2.84946E-06
402.1067	1.476445	2.88769E-06
402.68	1.476367	2.92624E-06
403.2533	1.476289	2.96513E-06
403.8267	1.476212	3.00435E-06
404.4	1.476135	3.0439E-06
404.9733	1.476059	3.08378E-06
405.5467	1.475982	3.12399E-06
406.12	1.475907	3.16453E-06
406.6933	1.475831	3.2054E-06
407.2667	1.475756	3.2466E-06
407.84	1.475681	3.28814E-06
408.4133	1.475606	0.00000333
408.9867	1.475532	3.3722E-06
409.56	1.475458	3.41472E-06
410.1333	1.475384	3.45758E-06
410.7067	1.475311	3.50077E-06
411.28	1.475238	3.54429E-06
411.8533	1.475165	3.58813E-06
412.4267	1.475093	3.63231E-06
413	1.47502	3.67682E-06
413.5733	1.474949	3.72166E-06
414.1467	1.474877	3.76683E-06
414.72	1.474806	3.81233E-06
415.2933	1.474735	3.85816E-06
415.8667	1.474664	3.90431E-06
416.44	1.474594	3.95079E-06
417.0133	1.474524	3.9976E-06
417.5867	1.474454	4.04474E-06
418.16	1.474384	4.09221E-06
418.7333	1.474315	4.13999E-06
419.3067	1.474246	4.18811E-06
419.88	1.474178	4.23655E-06
420.4533	1.474109	4.28531E-06
421.0267	1.474041	4.3344E-06
421.6	1.473973	4.38381E-06
422.1733	1.473906	4.43354E-06
422.7467	1.473839	4.4836E-06
423.32	1.473772	4.53397E-06
423.8933	1.473705	4.58466E-06
424.4667	1.473638	4.63567E-06
425.04	1.473572	0.000004687
425.6133	1.473506	4.73864E-06
426.1867	1.473441	4.7906E-06
426.76	1.473375	4.84288E-06
427.3333	1.47331	4.89546E-06
427.9067	1.473245	4.94836E-06
428.48	1.473181	5.00158E-06
429.0533	1.473116	5.0551E-06
429.6267	1.473052	5.10893E-06
430.2	1.472988	5.16306E-06
430.7733	1.472925	5.21751E-06
431.3467	1.472861	5.27226E-06
431.92	1.472798	5.32731E-06
432.4933	1.472736	5.38266E-06
433.0667	1.472673	5.43832E-06
433.64	1.472611	5.49427E-06
434.2133	1.472549	5.55052E-06
434.7867	1.472487	5.60707E-06
435.36	1.472425	5.66392E-06
435.9333	1.472364	5.72105E-06
436.5067	1.472303	5.77848E-06
437.08	1.472242	5.8362E-06
437.6533	1.472181	5.89421E-06
438.2267	1.472121	5.9525E-06
438.8	1.472061	6.01108E-06
439.3733	1.472001	6.06995E-06
439.9467	1.471941	6.12909E-06
440.52	1.471882	6.18851E-06
441.0933	1.471822	6.24822E-06
441.6667	1.471763	6.30819E-06
442.24	1.471705	6.36844E-06
442.8133	1.471646	6.42897E-06
443.3867	1.471588	6.48976E-06
443.96	1.47153	6.55083E-06
444.5333	1.471472	6.61215E-06
445.1067	1.471414	6.67375E-06
445.68	1.471357	6.7356E-06
446.2533	1.4713	6.79772E-06
446.8267	1.471243	6.86009E-06
447.4	1.471186	6.92272E-06
447.9733	1.47113	6.9856E-06
448.5467	1.471073	7.04873E-06
449.12	1.471017	7.11211E-06
449.6933	1.470961	7.17574E-06
450.2667	1.470906	7.23961E-06
450.84	1.47085	7.30373E-06
451.4133	1.470795	7.36808E-06
451.9867	1.47074	7.43267E-06
452.56	1.470685	7.4975E-06
453.1333	1.47063	7.56256E-06
453.7067	1.470576	7.62785E-06
454.28	1.470522	7.69336E-06
454.8533	1.470468	7.7591E-06
455.4267	1.470414	7.82507E-06
456	1.47036	7.89125E-06
456.5733	1.470307	7.95765E-06
457.1467	1.470254	8.02427E-06
457.72	1.470201	8.0911E-06
458.2933	1.470148	8.15813E-06
458.8667	1.470095	8.22538E-06
459.44	1.470043	8.29282E-06
460.0133	1.469991	8.36047E-06
460.5867	1.469939	8.42832E-06
461.16	1.469887	8.49636E-06
461.7333	1.469835	8.5646E-06
462.3067	1.469784	8.63303E-06
462.88	1.469733	8.70164E-06
463.4533	1.469682	8.77044E-06
464.0267	1.469631	8.83942E-06
464.6	1.46958	8.90858E-06
465.1733	1.46953	8.97791E-06
465.7467	1.469479	9.04742E-06
466.32	1.469429	9.11709E-06
466.8933	1.469379	9.18694E-06
467.4667	1.46933	9.25695E-06
468.04	1.46928	9.32711E-06
468.6133	1.469231	9.39744E-06
469.1867	1.469182	9.46792E-06
469.76	1.469132	9.53855E-06
470.3333	1.469084	9.60933E-06
470.9067	1.469035	9.68026E-06
471.48	1.468987	9.75133E-06
472.0533	1.468938	9.82254E-06
472.6267	1.46889	9.89388E-06
473.2	1.468842	9.96536E-06
473.7733	1.468794	1.0037E-05
474.3467	1.468747	1.01087E-05
474.92	1.468699	1.01806E-05
475.4933	1.468652	1.02525E-05
476.0667	1.468605	1.03246E-05
476.64	1.468558	1.03968E-05
477.2133	1.468511	1.04692E-05
477.7867	1.468465	1.05416E-05
478.36	1.468418	1.06141E-05
478.9333	1.468372	1.06868E-05
479.5067	1.468326	1.07595E-05
480.08	1.46828	1.08323E-05
480.6533	1.468234	1.09052E-05
481.2267	1.468189	1.09782E-05
481.8	1.468143	1.10513E-05
482.3733	1.468098	1.11245E-05
482.9467	1.468053	1.11977E-05
483.52	1.468008	1.1271E-05
484.0933	1.467963	1.13444E-05
484.6667	1.467918	1.14179E-05
485.24	1.467874	1.14914E-05
485.8133	1.46783	1.1565E-05
486.3867	1.467786	1.16386E-05
486.96	1.467742	1.17123E-05
487.5333	1.467698	1.1786E-05
488.1067	1.467654	1.18598E-05
488.68	1.46761	1.19336E-05
489.2533	1.467567	1.20075E-05
489.8267	1.467524	1.20814E-05
490.4	1.467481	1.21553E-05
490.9733	1.467438	1.22293E-05
491.5467	1.467395	1.23033E-05
492.12	1.467352	1.23773E-05
492.6933	1.46731	1.24513E-05
493.2667	1.467268	1.25254E-05
493.84	1.467225	1.25994E-05
494.4133	1.467183	1.26735E-05
494.9867	1.467142	1.27476E-05
495.56	1.4671	1.28217E-05
496.1333	1.467058	1.28957E-05
496.7067	1.467017	1.29698E-05
497.28	1.466975	1.30439E-05
497.8533	1.466934	1.31179E-05
498.4267	1.466893	1.31919E-05
499	1.466852	1.3266E-05
499.5733	1.466812	1.33399E-05
500.1467	1.466771	1.34139E-05
500.72	1.46673	1.34878E-05
501.2933	1.46669	1.35617E-05
501.8667	1.46665	1.36356E-05
502.44	1.46661	1.37094E-05
503.0133	1.46657	1.37832E-05
503.5867	1.46653	1.38569E-05
504.16	1.466491	1.39306E-05
504.7333	1.466451	1.40042E-05
505.3067	1.466412	1.40778E-05
505.88	1.466372	1.41513E-05
506.4533	1.466333	1.42247E-05
507.0267	1.466294	1.42981E-05
507.6	1.466255	1.43714E-05
508.1733	1.466217	1.44446E-05
508.7467	1.466178	1.45178E-05
509.32	1.46614	1.45909E-05
509.8933	1.466101	1.46638E-05
510.4667	1.466063	1.47367E-05
511.04	1.466025	1.48095E-05
511.6133	1.465987	1.48822E-05
512.1867	1.465949	1.49549E-05
512.76	1.465912	1.50274E-05
513.3333	1.465874	1.50998E-05
513.9067	1.465837	1.5172E-05
514.48	1.465799	1.52442E-05
515.0533	1.465762	1.53163E-05
515.6267	1.465725	1.53882E-05
516.2	1.465688	1.54601E-05
516.7733	1.465651	1.55317E-05
517.3467	1.465615	1.56033E-05
517.92	1.465578	1.56748E-05
518.4933	1.465542	1.57461E-05
519.0667	1.465505	1.58172E-05
519.64	1.465469	1.58882E-05
520.2133	1.465433	1.59591E-05
520.7867	1.465397	1.60298E-05
521.36	1.465361	1.61004E-05
521.9333	1.465326	1.61708E-05
522.5067	1.46529	1.62411E-05
523.08	1.465254	1.63112E-05
523.6533	1.465219	1.63811E-05
524.2267	1.465184	1.64509E-05
524.8	1.465149	1.65205E-05
525.3733	1.465114	1.65899E-05
525.9467	1.465079	1.66591E-05
526.52	1.465044	1.67282E-05
527.0933	1.465009	1.67971E-05
527.6667	1.464975	1.68658E-05
528.24	1.46494	1.69343E-05
528.8133	1.464906	1.70026E-05
529.3867	1.464872	1.70707E-05
529.96	1.464837	1.71386E-05
530.5333	1.464803	1.72063E-05
531.1067	1.464769	1.72739E-05
531.68	1.464736	1.73412E-05
532.2533	1.464702	1.74083E-05
532.8267	1.464668	1.74751E-05
533.4	1.464635	1.75418E-05
533.9733	1.464602	1.76083E-05
534.5467	1.464568	1.76745E-05
535.12	1.464535	1.77405E-05
535.6933	1.464502	1.78062E-05
536.2667	1.464469	1.78718E-05
536.84	1.464436	1.79371E-05
537.4133	1.464404	1.80022E-05
537.9867	1.464371	1.8067E-05
538.56	1.464338	1.81316E-05
539.1333	1.464306	1.81959E-05
539.7067	1.464274	1.826E-05
540.28	1.464242	1.83239E-05
540.8533	1.464209	1.83875E-05
541.4267	1.464177	1.84508E-05
542	1.464146	1.85139E-05
542.5733	1.464114	1.85767E-05
543.1467	1.464082	1.86393E-05
543.72	1.46405	1.87016E-05
544.2933	1.464019	1.87636E-05
544.8667	1.463987	1.88254E-05
545.44	1.463956	1.88868E-05
546.0133	1.463925	1.89481E-05
546.5867	1.463894	1.9009E-05
547.16	1.463863	1.90696E-05
547.7333	1.463832	1.913E-05
548.3067	1.463801	1.91901E-05
548.88	1.46377	1.92499E-05
549.4533	1.46374	1.93094E-05
550.0267	1.463709	1.93686E-05
550.6	1.463679	1.94275E-05
551.1733	1.463648	1.94861E-05
551.7467	1.463618	1.95444E-05
552.32	1.463588	1.96024E-05
552.8933	1.463558	1.96601E-05
553.4667	1.463528	1.97175E-05
554.04	1.463498	1.97746E-05
554.6133	1.463468	1.98314E-05
555.1867	1.463439	1.98879E-05
555.76	1.463409	1.99441E-05
556.3333	1.46338	1.99999E-05
556.9067	1.46335	2.00554E-05
557.48	1.463321	2.01106E-05
558.0533	1.463292	2.01655E-05
558.6267	1.463263	2.02201E-05
559.2	1.463233	2.02743E-05
559.7733	1.463205	2.03282E-05
560.3467	1.463176	2.03818E-05
560.92	1.463147	2.0435E-05
561.4933	1.463118	2.04879E-05
562.0667	1.46309	2.05404E-05
562.64	1.463061	2.05927E-05
563.2133	1.463033	2.06446E-05
563.7867	1.463004	2.06961E-05
564.36	1.462976	2.07473E-05
564.9333	1.462948	2.07981E-05
565.5067	1.46292	2.08487E-05
566.08	1.462892	2.08988E-05
566.6533	1.462864	2.09486E-05
567.2267	1.462836	2.09981E-05
567.8	1.462808	2.10472E-05
568.3733	1.462781	2.10959E-05
568.9467	1.462753	2.11443E-05
569.52	1.462726	2.11923E-05
570.0933	1.462698	2.124E-05
570.6667	1.462671	2.12873E-05
571.24	1.462644	2.13342E-05
571.8133	1.462616	2.13808E-05
572.3867	1.462589	2.1427E-05
572.96	1.462562	2.14729E-05
573.5333	1.462535	2.15184E-05
574.1067	1.462508	2.15635E-05
574.68	1.462482	2.16082E-05
575.2533	1.462455	2.16526E-05
575.8267	1.462428	2.16966E-05
576.4	1.462402	2.17402E-05
576.9733	1.462375	2.17834E-05
577.5467	1.462349	2.18263E-05
578.12	1.462323	2.18687E-05
578.6933	1.462297	2.19108E-05
579.2667	1.46227	2.19526E-05
579.84	1.462244	2.19939E-05
580.4133	1.462218	2.20349E-05
580.9867	1.462193	2.20754E-05
581.56	1.462167	2.21156E-05
582.1333	1.462141	2.21554E-05
582.7067	1.462115	2.21948E-05
583.28	1.46209	2.22338E-05
583.8533	1.462064	2.22725E-05
584.4267	1.462039	2.23107E-05
585	1.462013	2.23486E-05
585.5733	1.461988	2.2386E-05
586.1467	1.461963	2.24231E-05
586.72	1.461938	2.24597E-05
587.2933	1.461913	2.2496E-05
587.8667	1.461888	2.25319E-05
588.44	1.461863	2.25674E-05
589.0133	1.461838	2.26025E-05
589.5867	1.461813	2.26372E-05
590.16	1.461788	2.26715E-05
590.7333	1.461764	2.27054E-05
591.3067	1.461739	2.27389E-05
591.88	1.461715	2.27719E-05
592.4533	1.46169	2.28046E-05
593.0267	1.461666	2.28369E-05
593.6	1.461642	2.28688E-05
594.1733	1.461617	2.29003E-05
594.7467	1.461593	2.29314E-05
595.32	1.461569	2.29621E-05
595.8933	1.461545	2.29924E-05
596.4667	1.461521	2.30222E-05
597.04	1.461497	2.30517E-05
597.6133	1.461474	2.30808E-05
598.1867	1.46145	2.31094E-05
598.76	1.461426	2.31377E-05
599.3333	1.461403	2.31655E-05
599.9067	1.461379	2.3193E-05
600.48	1.461356	0.00002322
601.0533	1.461332	2.32466E-05
601.6267	1.461309	2.32729E-05
602.2	1.461286	2.32987E-05
602.7733	1.461262	2.33241E-05
603.3467	1.461239	2.33491E-05
603.92	1.461216	2.33737E-05
604.4933	1.461193	2.33979E-05
605.0667	1.46117	2.34216E-05
605.64	1.461147	2.3445E-05
606.2133	1.461125	2.3468E-05
606.7867	1.461102	2.34905E-05
607.36	1.461079	2.35127E-05
607.9333	1.461057	2.35344E-05
608.5067	1.461034	2.35557E-05
609.08	1.461012	2.35767E-05
609.6533	1.460989	2.35972E-05
610.2267	1.460967	2.36173E-05
610.8	1.460945	2.3637E-05
611.3733	1.460922	2.36563E-05
611.9467	1.4609	2.36752E-05
612.52	1.460878	2.36937E-05
613.0933	1.460856	2.37117E-05
613.6667	1.460834	2.37294E-05
614.24	1.460812	2.37467E-05
614.8133	1.46079	2.37635E-05
615.3867	1.460768	2.378E-05
615.96	1.460747	0.000023796
616.5333	1.460725	2.38116E-05
617.1067	1.460703	2.38269E-05
617.68	1.460682	2.38417E-05
618.2533	1.46066	2.38561E-05
618.8267	1.460639	2.38702E-05
619.4	1.460618	2.38838E-05
619.9733	1.460596	0.000023897
620.5467	1.460575	2.39098E-05
621.12	1.460554	2.39222E-05
621.6933	1.460533	2.39342E-05
622.2667	1.460512	2.39459E-05
622.84	1.460491	2.39571E-05
623.4133	1.46047	2.39679E-05
623.9867	1.460449	2.39783E-05
624.56	1.460428	2.39883E-05
625.1333	1.460407	2.39979E-05
625.7067	1.460386	2.40071E-05
626.28	1.460366	2.4016E-05
626.8533	1.460345	2.40244E-05
627.4267	1.460325	2.40324E-05
628	1.460304	2.40401E-05
628.5733	1.460284	2.40473E-05
629.1467	1.460263	2.40542E-05
629.72	1.460243	2.40606E-05
630.2933	1.460223	2.40667E-05
630.8667	1.460202	2.40724E-05
631.44	1.460182	2.40776E-05
632.0133	1.460162	2.40825E-05
632.5867	1.460142	2.40871E-05
633.16	1.460122	2.40912E-05
633.7333	1.460102	2.40949E-05
634.3067	1.460082	2.40983E-05
634.88	1.460062	2.41012E-05
635.4533	1.460042	2.41038E-05
636.0267	1.460023	2.4106E-05
636.6	1.460003	2.41078E-05
637.1733	1.459983	2.41092E-05
637.7467	1.459964	2.41103E-05
638.32	1.459944	2.4111E-05
638.8933	1.459925	2.41113E-05
639.4667	1.459905	2.41112E-05
640.04	1.459886	2.41107E-05
640.6133	1.459867	2.41099E-05
641.1867	1.459847	2.41087E-05
641.76	1.459828	2.41071E-05
642.3333	1.459809	2.41052E-05
642.9067	1.45979	2.41028E-05
643.48	1.459771	2.41001E-05
644.0533	1.459752	2.40971E-05
644.6267	1.459733	2.40936E-05
645.2	1.459714	2.40898E-05
645.7733	1.459695	2.40857E-05
646.3467	1.459676	2.40812E-05
646.92	1.459658	2.40763E-05
647.4933	1.459639	2.4071E-05
648.0667	1.45962	2.40654E-05
648.64	1.459602	2.40594E-05
649.2133	1.459583	2.40531E-05
649.7867	1.459565	2.40464E-05
650.36	1.459546	2.40394E-05
650.9333	1.459528	2.4032E-05
651.5067	1.459509	2.40242E-05
652.08	1.459491	2.40161E-05
652.6533	1.459473	2.40077E-05
653.2267	1.459454	2.39989E-05
653.8	1.459436	2.39897E-05
654.3733	1.459418	2.39802E-05
654.9467	1.4594	2.39704E-05
655.52	1.459382	2.39602E-05
656.0933	1.459364	2.39497E-05
656.6667	1.459346	2.39388E-05
657.24	1.459328	2.39276E-05
657.8133	1.45931	2.3916E-05
658.3867	1.459293	2.39042E-05
658.96	1.459275	2.38919E-05
659.5333	1.459257	2.38794E-05
660.1067	1.45924	2.38665E-05
660.68	1.459222	2.38533E-05
661.2533	1.459204	2.38397E-05
661.8267	1.459187	2.38259E-05
662.4	1.459169	2.38116E-05
662.9733	1.459152	2.37971E-05
663.5467	1.459135	2.37823E-05
664.12	1.459117	2.37671E-05
664.6933	1.4591	2.37516E-05
665.2667	1.459083	2.37358E-05
665.84	1.459065	2.37196E-05
666.4133	1.459048	2.37032E-05
666.9867	1.459031	2.36864E-05
667.56	1.459014	2.36693E-05
668.1333	1.458997	2.36519E-05
668.7067	1.45898	2.36342E-05
669.28	1.458963	2.36162E-05
669.8533	1.458946	2.35979E-05
670.4267	1.458929	2.35793E-05
671	1.458913	2.35603E-05
671.5733	1.458896	2.35411E-05
672.1467	1.458879	2.35216E-05
672.72	1.458862	2.35017E-05
673.2933	1.458846	2.34816E-05
673.8667	1.458829	2.34612E-05
674.44	1.458813	2.34404E-05
675.0133	1.458796	2.34194E-05
675.5867	1.45878	2.33981E-05
676.16	1.458763	2.33765E-05
676.7333	1.458747	2.33546E-05
677.3067	1.458731	2.33325E-05
677.88	1.458714	2.331E-05
678.4533	1.458698	2.32872E-05
679.0267	1.458682	2.32642E-05
679.6	1.458666	2.32409E-05
680.1733	1.458649	2.32173E-05
680.7467	1.458633	2.31935E-05
681.32	1.458617	2.31693E-05
681.8933	1.458601	2.31449E-05
682.4667	1.458585	2.31202E-05
683.04	1.458569	2.30953E-05
683.6133	1.458553	2.30701E-05
684.1867	1.458538	2.30446E-05
684.76	1.458522	2.30188E-05
685.3333	1.458506	2.29928E-05
685.9067	1.45849	2.29665E-05
686.48	1.458475	2.294E-05
687.0533	1.458459	2.29132E-05
687.6267	1.458443	2.28862E-05
688.2	1.458428	2.28589E-05
688.7733	1.458412	2.28313E-05
689.3467	1.458397	2.28035E-05
689.92	1.458381	2.27754E-05
690.4933	1.458366	2.27471E-05
691.0667	1.45835	2.27186E-05
691.64	1.458335	2.26898E-05
692.2133	1.45832	2.26607E-05
692.7867	1.458304	2.26314E-05
693.36	1.458289	2.26019E-05
693.9333	1.458274	2.25721E-05
694.5067	1.458259	2.25421E-05
695.08	1.458244	2.25119E-05
695.6533	1.458229	2.24814E-05
696.2267	1.458214	2.24507E-05
696.8	1.458199	2.24198E-05
697.3733	1.458184	2.23887E-05
697.9467	1.458169	2.23573E-05
698.52	1.458154	2.23257E-05
699.0933	1.458139	2.22939E-05
699.6667	1.458124	2.22618E-05
700.24	1.458109	2.22296E-05
700.8133	1.458095	2.21971E-05
701.3867	1.45808	2.21644E-05
701.96	1.458065	2.21315E-05
702.5333	1.458051	2.20983E-05
703.1067	1.458036	0.000022065
703.68	1.458021	2.20315E-05
704.2533	1.458007	2.19977E-05
704.8267	1.457992	2.19638E-05
705.4	1.457978	2.19296E-05
705.9733	1.457963	2.18953E-05
706.5467	1.457949	2.18607E-05
707.12	1.457935	2.18259E-05
707.6933	1.45792	2.1791E-05
708.2667	1.457906	2.17558E-05
708.84	1.457892	2.17205E-05
709.4133	1.457878	2.1685E-05
709.9867	1.457863	2.16493E-05
710.56	1.457849	2.16134E-05
711.1333	1.457835	2.15773E-05
711.7067	1.457821	2.1541E-05
712.28	1.457807	2.15045E-05
712.8533	1.457793	2.14679E-05
713.4267	1.457779	2.14311E-05
714	1.457765	2.13941E-05
714.5733	1.457751	2.13569E-05
715.1467	1.457737	2.13196E-05
715.72	1.457723	2.1282E-05
716.2933	1.457709	2.12444E-05
716.8667	1.457696	2.12065E-05
717.44	1.457682	2.11685E-05
718.0133	1.457668	2.11303E-05
718.5867	1.457655	2.10919E-05
719.16	1.457641	2.10534E-05
719.7333	1.457627	2.10147E-05
720.3067	1.457614	2.09759E-05
720.88	1.4576	2.09369E-05
721.4533	1.457587	2.08978E-05
722.0267	1.457573	2.08585E-05
722.6	1.45756	2.0819E-05
723.1733	1.457546	2.07794E-05
723.7467	1.457533	2.07397E-05
724.32	1.457519	2.06998E-05
724.8933	1.457506	2.06597E-05
725.4667	1.457493	2.06196E-05
726.04	1.45748	2.05792E-05
726.6133	1.457466	2.05388E-05
727.1867	1.457453	2.04982E-05
727.76	1.45744	2.04574E-05
728.3333	1.457427	2.04165E-05
728.9067	1.457414	2.03755E-05
729.48	1.457401	2.03344E-05
730.0533	1.457388	2.02931E-05
730.6267	1.457375	2.02517E-05
731.2	1.457362	2.02102E-05
731.7733	1.457349	2.01685E-05
732.3467	1.457336	2.01268E-05
732.92	1.457323	2.00849E-05
733.4933	1.45731	2.00428E-05
734.0667	1.457297	2.00007E-05
734.64	1.457284	1.99584E-05
735.2133	1.457272	1.99161E-05
735.7867	1.457259	1.98736E-05
736.36	1.457246	1.9831E-05
736.9333	1.457233	1.97883E-05
737.5067	1.457221	1.97455E-05
738.08	1.457208	1.97025E-05
738.6533	1.457195	1.96595E-05
739.2267	1.457183	1.96164E-05
739.8	1.45717	1.95731E-05
740.3733	1.457158	1.95298E-05
740.9467	1.457145	1.94863E-05
741.52	1.457133	1.94428E-05
742.0933	1.45712	1.93992E-05
742.6667	1.457108	1.93554E-05
743.24	1.457096	1.93116E-05
743.8133	1.457083	1.92677E-05
744.3867	1.457071	1.92237E-05
744.96	1.457059	1.91796E-05
745.5333	1.457047	1.91354E-05
746.1067	1.457034	1.90911E-05
746.68	1.457022	1.90467E-05
747.2533	1.45701	1.90023E-05
747.8267	1.456998	1.89578E-05
748.4	1.456986	1.89132E-05
748.9733	1.456974	1.88685E-05
749.5467	1.456962	1.88237E-05
750.12	1.45695	1.87789E-05
750.6933	1.456938	0.000018734
751.2667	1.456926	1.8689E-05
751.84	1.456914	1.8644E-05
752.4133	1.456902	1.85988E-05
752.9867	1.45689	1.85537E-05
753.56	1.456878	1.85084E-05
754.1333	1.456866	1.84631E-05
754.7067	1.456854	1.84177E-05
755.28	1.456842	1.83722E-05
755.8533	1.456831	1.83267E-05
756.4267	1.456819	1.82811E-05
757	1.456807	1.82355E-05
757.5733	1.456796	1.81898E-05
758.1467	1.456784	1.81441E-05
758.72	1.456772	1.80983E-05
759.2933	1.456761	1.80524E-05
759.8667	1.456749	1.80065E-05
760.44	1.456738	1.79606E-05
761.0133	1.456726	1.79146E-05
761.5867	1.456715	1.78685E-05
762.16	1.456703	1.78224E-05
762.7333	1.456692	1.77763E-05
763.3067	1.45668	1.77301E-05
763.88	1.456669	1.76839E-05
764.4533	1.456657	1.76376E-05
765.0267	1.456646	1.75913E-05
765.6	1.456635	1.75449E-05
766.1733	1.456624	1.74986E-05
766.7467	1.456612	1.74521E-05
767.32	1.456601	1.74057E-05
767.8933	1.45659	1.73592E-05
768.4667	1.456579	1.73127E-05
769.04	1.456567	1.72661E-05
769.6133	1.456556	1.72196E-05
770.1867	1.456545	1.71729E-05
770.76	1.456534	1.71263E-05
771.3333	1.456523	1.70797E-05
771.9067	1.456512	1.7033E-05
772.48	1.456501	1.69863E-05
773.0533	1.45649	1.69395E-05
773.6267	1.456479	1.68928E-05
774.2	1.456468	1.6846E-05
774.7733	1.456457	1.67992E-05
775.3467	1.456446	1.67524E-05
775.92	1.456435	1.67056E-05
776.4933	1.456425	1.66588E-05
777.0667	1.456414	1.66119E-05
777.64	1.456403	1.65651E-05
778.2133	1.456392	1.65182E-05
778.7867	1.456381	1.64713E-05
779.36	1.456371	1.64244E-05
779.9333	1.45636	1.63775E-05
780.5067	1.456349	1.63306E-05
781.08	1.456339	1.62837E-05
781.6533	1.456328	1.62368E-05
782.2267	1.456317	1.61899E-05
782.8	1.456307	1.6143E-05
783.3733	1.456296	1.6096E-05
783.9467	1.456286	1.60491E-05
784.52	1.456275	1.60022E-05
785.0933	1.456265	1.59553E-05
785.6667	1.456254	1.59084E-05
786.24	1.456244	1.58615E-05
786.8133	1.456233	1.58146E-05
787.3867	1.456223	1.57677E-05
787.96	1.456213	1.57208E-05
788.5333	1.456202	1.56739E-05
789.1067	1.456192	1.5627E-05
789.68	1.456182	1.55802E-05
790.2533	1.456171	1.55333E-05
790.8267	1.456161	1.54865E-05
791.4	1.456151	1.54397E-05
791.9733	1.456141	1.53928E-05
792.5467	1.45613	1.53461E-05
793.12	1.45612	1.52993E-05
793.6933	1.45611	1.52525E-05
794.2667	1.4561	1.52058E-05
794.84	1.45609	1.51591E-05
795.4133	1.45608	1.51124E-05
795.9867	1.45607	1.50657E-05
796.56	1.45606	1.5019E-05
797.1333	1.45605	1.49724E-05
797.7067	1.45604	1.49258E-05
798.28	1.45603	1.48792E-05
798.8533	1.45602	1.48327E-05
799.4267	1.45601	1.47862E-05
800	1.456	1.47397E-05
801	1.484205	3.90683E-06
802.332	1.483857	3.98208E-06
803.664	1.483511	4.05841E-06
804.996	1.483168	4.13583E-06
806.328	1.482828	4.21436E-06
807.66	1.482491	0.000004294
808.992	1.482157	4.37475E-06
810.324	1.481825	4.45663E-06
811.656	1.481497	4.53965E-06
812.988	1.48117	4.62381E-06
814.32	1.480847	4.70912E-06
815.652	1.480526	4.7956E-06
816.984	1.480208	4.88324E-06
818.316	1.479892	4.97206E-06
819.648	1.479579	5.06207E-06
820.98	1.479268	5.15327E-06
822.312	1.47896	5.24568E-06
823.644	1.478655	5.33929E-06
824.976	1.478351	5.43412E-06
826.308	1.478051	5.53018E-06
827.64	1.477752	5.62747E-06
828.972	1.477457	0.000005726
830.304	1.477163	5.82579E-06
831.636	1.476872	5.92682E-06
832.968	1.476583	6.02913E-06
834.3	1.476296	6.13271E-06
835.632	1.476012	6.23756E-06
836.964	1.47573	6.3437E-06
838.296	1.47545	6.45114E-06
839.628	1.475173	6.55988E-06
840.96	1.474897	6.66993E-06
842.292	1.474624	6.78129E-06
843.624	1.474353	6.89398E-06
844.956	1.474084	7.00799E-06
846.288	1.473817	7.12334E-06
847.62	1.473553	7.24004E-06
848.952	1.47329	7.35808E-06
850.284	1.473029	7.47748E-06
851.616	1.472771	7.59824E-06
852.948	1.472514	7.72037E-06
854.28	1.47226	7.84388E-06
855.612	1.472007	7.96876E-06
856.944	1.471756	8.09504E-06
858.276	1.471508	8.2227E-06
859.608	1.471261	8.35177E-06
860.94	1.471016	8.48224E-06
862.272	1.470773	8.61412E-06
863.604	1.470532	8.74741E-06
864.936	1.470293	8.88213E-06
866.268	1.470055	9.01827E-06
867.6	1.46982	9.15585E-06
868.932	1.469586	9.29486E-06
870.264	1.469354	9.43531E-06
871.596	1.469124	9.57721E-06
872.928	1.468895	9.72056E-06
874.26	1.468669	9.86536E-06
875.592	1.468444	1.00116E-07
876.924	1.46822	1.01594E-07
878.256	1.467999	1.03086E-07
879.588	1.467779	1.04592E-07
880.92	1.46756	1.06114E-07
882.252	1.467344	1.0765E-07
883.584	1.467129	1.09201E-07
884.916	1.466915	1.10767E-07
886.248	1.466703	1.12348E-07
887.58	1.466493	1.13944E-07
888.912	1.466284	1.15555E-07
890.244	1.466077	1.17181E-07
891.576	1.465872	1.18822E-07
892.908	1.465668	1.20478E-07
894.24	1.465465	1.22149E-07
895.572	1.465264	1.23835E-07
896.904	1.465065	1.25536E-07
898.236	1.464867	1.27253E-07
899.568	1.46467	1.28984E-07
900.9	1.464475	1.30731E-07
902.232	1.464281	1.32493E-07
903.564	1.464089	1.34271E-07
904.896	1.463898	1.36063E-07
906.228	1.463709	1.37871E-07
907.56	1.463521	1.39694E-07
908.892	1.463334	1.41533E-07
910.224	1.463149	1.43387E-07
911.556	1.462965	1.45256E-07
912.888	1.462782	1.4714E-07
914.22	1.462601	1.4904E-07
915.552	1.462421	1.50955E-07
916.884	1.462242	1.52886E-07
918.216	1.462065	1.54831E-07
919.548	1.461889	1.56792E-07
920.88	1.461714	1.58769E-07
922.212	1.46154	1.60761E-07
923.544	1.461368	1.62768E-07
924.876	1.461197	1.6479E-07
926.208	1.461027	1.66828E-07
927.54	1.460858	1.68881E-07
928.872	1.460691	1.7095E-07
930.204	1.460524	1.73033E-07
931.536	1.460359	1.75132E-07
932.868	1.460195	1.77247E-07
934.2	1.460033	1.79376E-07
935.532	1.459871	1.81521E-07
936.864	1.459711	1.83681E-07
938.196	1.459552	1.85856E-07
939.528	1.459393	1.88046E-07
940.86	1.459236	1.90251E-07
942.192	1.45908	1.92472E-07
943.524	1.458926	1.94707E-07
944.856	1.458772	1.96958E-07
946.188	1.458619	1.99224E-07
947.52	1.458468	2.01504E-07
948.852	1.458317	2.038E-07
950.184	1.458168	2.0611E-07
951.516	1.458019	2.08436E-07
952.848	1.457872	2.10776E-07
954.18	1.457725	2.13131E-07
955.512	1.45758	2.15501E-07
956.844	1.457436	2.17886E-07
958.176	1.457292	2.20285E-07
959.508	1.45715	2.22699E-07
960.84	1.457009	2.25127E-07
962.172	1.456868	2.2757E-07
963.504	1.456729	2.30028E-07
964.836	1.45659	2.325E-07
966.168	1.456453	2.34986E-07
967.5	1.456316	2.37487E-07
968.832	1.456181	2.40002E-07
970.164	1.456046	2.42531E-07
971.496	1.455912	2.45075E-07
972.828	1.455779	2.47632E-07
974.16	1.455647	2.50204E-07
975.492	1.455516	2.5279E-07
976.824	1.455386	2.55389E-07
978.156	1.455257	2.58002E-07
979.488	1.455128	2.60629E-07
980.82	1.455001	2.6327E-07
982.152	1.454874	2.65925E-07
983.484	1.454748	2.68593E-07
984.816	1.454623	2.71274E-07
986.148	1.454499	2.73969E-07
987.48	1.454376	2.76678E-07
988.812	1.454254	2.79399E-07
990.144	1.454132	2.82134E-07
991.476	1.454011	2.84882E-07
992.808	1.453891	2.87643E-07
994.14	1.453772	2.90417E-07
995.472	1.453653	2.93203E-07
996.804	1.453536	2.96003E-07
998.136	1.453419	2.98815E-07
999.468	1.453303	3.0164E-07
1000.8	1.453188	3.04477E-07
1002.132	1.453073	3.07327E-07
1003.464	1.452959	3.10189E-07
1004.796	1.452846	3.13063E-07
1006.128	1.452734	3.1595E-07
1007.46	1.452622	3.18848E-07
1008.792	1.452512	3.21759E-07
1010.124	1.452402	3.24681E-07
1011.456	1.452292	3.27615E-07
1012.788	1.452184	3.30561E-07
1014.12	1.452076	3.33518E-07
1015.452	1.451969	3.36487E-07
1016.784	1.451862	3.39467E-07
1018.116	1.451756	3.42458E-07
1019.448	1.451651	3.45461E-07
1020.78	1.451547	3.48474E-07
1022.112	1.451443	3.51499E-07
1023.444	1.45134	3.54534E-07
1024.776	1.451237	3.5758E-07
1026.108	1.451136	3.60636E-07
1027.44	1.451035	3.63703E-07
1028.772	1.450934	3.6678E-07
1030.104	1.450834	3.69868E-07
1031.436	1.450735	3.72965E-07
1032.768	1.450637	3.76073E-07
1034.1	1.450539	3.7919E-07
1035.432	1.450442	3.82317E-07
1036.764	1.450345	3.85454E-07
1038.096	1.450249	3.88601E-07
1039.428	1.450153	3.91756E-07
1040.76	1.450059	3.94921E-07
1042.092	1.449965	3.98095E-07
1043.424	1.449871	4.01279E-07
1044.756	1.449778	4.04471E-07
1046.088	1.449686	4.07671E-07
1047.42	1.449594	4.10881E-07
1048.752	1.449503	4.14099E-07
1050.084	1.449412	4.17325E-07
1051.416	1.449322	4.2056E-07
1052.748	1.449232	4.23802E-07
1054.08	1.449143	4.27053E-07
1055.412	1.449055	4.30311E-07
1056.744	1.448967	4.33577E-07
1058.076	1.44888	4.36851E-07
1059.408	1.448793	4.40132E-07
1060.74	1.448707	4.43421E-07
1062.072	1.448621	4.46716E-07
1063.404	1.448536	4.50019E-07
1064.736	1.448452	4.53328E-07
1066.068	1.448368	4.56645E-07
1067.4	1.448284	4.59968E-07
1068.732	1.448201	4.63297E-07
1070.064	1.448119	4.66632E-07
1071.396	1.448037	4.69974E-07
1072.728	1.447955	4.73322E-07
1074.06	1.447874	4.76676E-07
1075.392	1.447794	4.80035E-07
1076.724	1.447714	4.834E-07
1078.056	1.447634	4.8677E-07
1079.388	1.447555	4.90146E-07
1080.72	1.447477	4.93527E-07
1082.052	1.447399	4.96913E-07
1083.384	1.447321	5.00304E-07
1084.716	1.447244	5.03699E-07
1086.048	1.447168	5.07099E-07
1087.38	1.447091	5.10504E-07
1088.712	1.447016	5.13912E-07
1090.044	1.446941	5.17325E-07
1091.376	1.446866	5.20742E-07
1092.708	1.446792	5.24162E-07
1094.04	1.446718	5.27587E-07
1095.372	1.446644	5.31014E-07
1096.704	1.446571	5.34445E-07
1098.036	1.446499	5.3788E-07
1099.368	1.446427	5.41317E-07
1100.7	1.446355	5.44757E-07
1102.032	1.446284	5.482E-07
1103.364	1.446213	5.51646E-07
1104.696	1.446143	5.55093E-07
1106.028	1.446073	5.58544E-07
1107.36	1.446004	5.61996E-07
1108.692	1.445934	5.6545E-07
1110.024	1.445866	5.68906E-07
1111.356	1.445798	5.72364E-07
1112.688	1.44573	5.75823E-07
1114.02	1.445662	5.79284E-07
1115.352	1.445595	5.82746E-07
1116.684	1.445529	5.86209E-07
1118.016	1.445462	5.89672E-07
1119.348	1.445396	5.93137E-07
1120.68	1.445331	5.96602E-07
1122.012	1.445266	6.00067E-07
1123.344	1.445201	6.03533E-07
1124.676	1.445137	6.06998E-07
1126.008	1.445073	6.10464E-07
1127.34	1.445009	6.13929E-07
1128.672	1.444946	6.17394E-07
1130.004	1.444883	6.20859E-07
1131.336	1.444821	6.24323E-07
1132.668	1.444759	6.27786E-07
1134	1.444697	6.31248E-07
1135.332	1.444636	6.34709E-07
1136.664	1.444575	6.38168E-07
1137.996	1.444514	6.41626E-07
1139.328	1.444454	6.45082E-07
1140.66	1.444394	6.48537E-07
1141.992	1.444335	6.5199E-07
1143.324	1.444275	6.5544E-07
1144.656	1.444216	6.58889E-07
1145.988	1.444158	6.62335E-07
1147.32	1.4441	6.65778E-07
1148.652	1.444042	6.69219E-07
1149.984	1.443984	6.72656E-07
1151.316	1.443927	6.76091E-07
1152.648	1.44387	6.79523E-07
1153.98	1.443814	6.82951E-07
1155.312	1.443757	6.86376E-07
1156.644	1.443702	6.89797E-07
1157.976	1.443646	6.93214E-07
1159.308	1.443591	6.96628E-07
1160.64	1.443536	7.00037E-07
1161.972	1.443481	7.03442E-07
1163.304	1.443427	7.06843E-07
1164.636	1.443373	7.10239E-07
1165.968	1.443319	7.1363E-07
1167.3	1.443266	7.17017E-07
1168.632	1.443213	7.20398E-07
1169.964	1.44316	7.23775E-07
1171.296	1.443107	7.27146E-07
1172.628	1.443055	7.30511E-07
1173.96	1.443003	7.33871E-07
1175.292	1.442952	7.37226E-07
1176.624	1.442901	7.40574E-07
1177.956	1.44285	7.43916E-07
1179.288	1.442799	7.47253E-07
1180.62	1.442748	7.50582E-07
1181.952	1.442698	7.53906E-07
1183.284	1.442648	7.57222E-07
1184.616	1.442599	7.60532E-07
1185.948	1.442549	7.63835E-07
1187.28	1.4425	7.67132E-07
1188.612	1.442452	7.7042E-07
1189.944	1.442403	7.73702E-07
1191.276	1.442355	7.76976E-07
1192.608	1.442307	7.80242E-07
1193.94	1.442259	7.83501E-07
1195.272	1.442212	7.86752E-07
1196.604	1.442165	7.89994E-07
1197.936	1.442118	7.93229E-07
1199.268	1.442071	7.96455E-07
1200.6	1.442025	7.99673E-07
1201.932	1.441979	8.02882E-07
1203.264	1.441933	8.06082E-07
1204.596	1.441887	8.09274E-07
1205.928	1.441842	8.12457E-07
1207.26	1.441797	8.1563E-07
1208.592	1.441752	8.18794E-07
1209.924	1.441707	8.21949E-07
1211.256	1.441663	8.25094E-07
1212.588	1.441619	8.2823E-07
1213.92	1.441575	8.31356E-07
1215.252	1.441531	8.34472E-07
1216.584	1.441488	8.37578E-07
1217.916	1.441445	8.40674E-07
1219.248	1.441402	8.43759E-07
1220.58	1.441359	8.46834E-07
1221.912	1.441316	8.49899E-07
1223.244	1.441274	8.52953E-07
1224.576	1.441232	8.55996E-07
1225.908	1.44119	8.59028E-07
1227.24	1.441149	8.62049E-07
1228.572	1.441108	8.65059E-07
1229.904	1.441066	8.68058E-07
1231.236	1.441026	8.71045E-07
1232.568	1.440985	8.74021E-07
1233.9	1.440944	8.76985E-07
1235.232	1.440904	8.79938E-07
1236.564	1.440864	8.82878E-07
1237.896	1.440824	8.85807E-07
1239.228	1.440785	8.88724E-07
1240.56	1.440745	8.91628E-07
1241.892	1.440706	8.9452E-07
1243.224	1.440667	8.974E-07
1244.556	1.440629	9.00267E-07
1245.888	1.44059	9.03121E-07
1247.22	1.440552	9.05963E-07
1248.552	1.440514	9.08792E-07
1249.884	1.440476	9.11608E-07
1251.216	1.440438	9.14411E-07
1252.548	1.4404	9.17201E-07
1253.88	1.440363	9.19977E-07
1255.212	1.440326	9.2274E-07
1256.544	1.440289	9.2549E-07
1257.876	1.440252	9.28226E-07
1259.208	1.440216	9.30948E-07
1260.54	1.440179	9.33657E-07
1261.872	1.440143	9.36351E-07
1263.204	1.440107	9.39032E-07
1264.536	1.440072	9.41699E-07
1265.868	1.440036	9.44351E-07
1267.2	1.440001	9.4699E-07
1268.532	1.439965	9.49613E-07
1269.864	1.43993	9.52223E-07
1271.196	1.439895	9.54818E-07
1272.528	1.439861	9.57398E-07
1273.86	1.439826	9.59964E-07
1275.192	1.439792	9.62515E-07
1276.524	1.439758	9.65051E-07
1277.856	1.439724	9.67572E-07
1279.188	1.43969	9.70078E-07
1280.52	1.439657	9.72569E-07
1281.852	1.439623	9.75044E-07
1283.184	1.43959	9.77505E-07
1284.516	1.439557	9.7995E-07
1285.848	1.439524	9.82379E-07
1287.18	1.439491	9.84793E-07
1288.512	1.439459	9.87192E-07
1289.844	1.439426	9.89574E-07
1291.176	1.439394	9.91941E-07
1292.508	1.439362	9.94292E-07
1293.84	1.43933	9.96628E-07
1295.172	1.439298	9.98947E-07
1296.504	1.439267	1.00125E-06
1297.836	1.439235	1.00354E-06
1299.168	1.439204	1.00581E-06
1300.5	1.439173	1.00806E-06
1301.832	1.439142	1.0103E-06
1303.164	1.439111	1.01252E-06
1304.496	1.439081	1.01473E-06
1305.828	1.43905	1.01692E-06
1307.16	1.43902	1.01909E-06
1308.492	1.43899	1.02125E-06
1309.824	1.43896	1.02338E-06
1311.156	1.43893	1.02551E-06
1312.488	1.4389	1.02761E-06
1313.82	1.438871	1.0297E-06
1315.152	1.438841	1.03177E-06
1316.484	1.438812	1.03383E-06
1317.816	1.438783	1.03587E-06
1319.148	1.438754	1.03789E-06
1320.48	1.438725	1.03989E-06
1321.812	1.438696	1.04188E-06
1323.144	1.438668	1.04385E-06
1324.476	1.43864	1.0458E-06
1325.808	1.438611	1.04773E-06
1327.14	1.438583	1.04965E-06
1328.472	1.438555	1.05155E-06
1329.804	1.438527	1.05343E-06
1331.136	1.4385	1.0553E-06
1332.468	1.438472	1.05714E-06
1333.8	1.438445	1.05897E-06
1335.132	1.438418	1.06078E-06
1336.464	1.43839	1.06258E-06
1337.796	1.438363	1.06435E-06
1339.128	1.438337	1.06611E-06
1340.46	1.43831	1.06785E-06
1341.792	1.438283	1.06958E-06
1343.124	1.438257	1.07128E-06
1344.456	1.43823	1.07297E-06
1345.788	1.438204	1.07464E-06
1347.12	1.438178	1.07629E-06
1348.452	1.438152	1.07793E-06
1349.784	1.438126	1.07954E-06
1351.116	1.438101	1.08114E-06
1352.448	1.438075	1.08272E-06
1353.78	1.43805	1.08428E-06
1355.112	1.438024	1.08582E-06
1356.444	1.437999	1.08735E-06
1357.776	1.437974	1.08886E-06
1359.108	1.437949	1.09034E-06
1360.44	1.437924	1.09182E-06
1361.772	1.4379	1.09327E-06
1363.104	1.437875	1.0947E-06
1364.436	1.437851	1.09612E-06
1365.768	1.437826	1.09752E-06
1367.1	1.437802	1.09889E-06
1368.432	1.437778	1.10026E-06
1369.764	1.437754	1.1016E-06
1371.096	1.43773	1.10292E-06
1372.428	1.437706	1.10423E-06
1373.76	1.437683	1.10552E-06
1375.092	1.437659	1.10679E-06
1376.424	1.437636	1.10804E-06
1377.756	1.437613	1.10927E-06
1379.088	1.437589	1.11048E-06
1380.42	1.437566	1.11168E-06
1381.752	1.437543	1.11286E-06
1383.084	1.437521	1.11402E-06
1384.416	1.437498	1.11516E-06
1385.748	1.437475	1.11628E-06
1387.08	1.437453	1.11738E-06
1388.412	1.43743	1.11847E-06
1389.744	1.437408	1.11954E-06
1391.076	1.437386	1.12058E-06
1392.408	1.437364	1.12162E-06
1393.74	1.437342	1.12263E-06
1395.072	1.43732	1.12362E-06
1396.404	1.437298	1.1246E-06
1397.736	1.437276	1.12555E-06
1399.068	1.437255	1.12649E-06
1400.4	1.437233	1.12741E-06
1401.732	1.437212	1.12831E-06
1403.064	1.437191	1.1292E-06
1404.396	1.437169	1.13006E-06
1405.728	1.437148	1.13091E-06
1407.06	1.437127	1.13173E-06
1408.392	1.437107	1.13254E-06
1409.724	1.437086	1.13334E-06
1411.056	1.437065	1.13411E-06
1412.388	1.437045	1.13486E-06
1413.72	1.437024	1.1356E-06
1415.052	1.437004	1.13632E-06
1416.384	1.436983	1.13702E-06
1417.716	1.436963	1.1377E-06
1419.048	1.436943	1.13837E-06
1420.38	1.436923	1.13901E-06
1421.712	1.436903	1.13964E-06
1423.044	1.436883	1.14025E-06
1424.376	1.436864	1.14084E-06
1425.708	1.436844	1.14141E-06
1427.04	1.436824	1.14197E-06
1428.372	1.436805	1.14251E-06
1429.704	1.436786	1.14303E-06
1431.036	1.436766	1.14353E-06
1432.368	1.436747	1.14401E-06
1433.7	1.436728	1.14448E-06
1435.032	1.436709	1.14492E-06
1436.364	1.43669	1.14535E-06
1437.696	1.436671	1.14577E-06
1439.028	1.436653	1.14616E-06
1440.36	1.436634	1.14654E-06
1441.692	1.436615	1.1469E-06
1443.024	1.436597	1.14724E-06
1444.356	1.436579	1.14756E-06
1445.688	1.43656	1.14787E-06
1447.02	1.436542	1.14815E-06
1448.352	1.436524	1.14842E-06
1449.684	1.436506	1.14868E-06
1451.016	1.436488	1.14891E-06
1452.348	1.43647	1.14913E-06
1453.68	1.436452	1.14933E-06
1455.012	1.436434	1.14951E-06
1456.344	1.436417	1.14968E-06
1457.676	1.436399	1.14983E-06
1459.008	1.436382	1.14996E-06
1460.34	1.436364	1.15007E-06
1461.672	1.436347	1.15017E-06
1463.004	1.43633	1.15025E-06
1464.336	1.436312	1.15031E-06
1465.668	1.436295	1.15036E-06
1467	1.436278	1.15039E-06
1468.332	1.436261	1.1504E-06
1469.664	1.436245	1.15039E-06
1470.996	1.436228	1.15037E-06
1472.328	1.436211	1.15033E-06
1473.66	1.436194	1.15028E-06
1474.992	1.436178	1.15021E-06
1476.324	1.436161	1.15012E-06
1477.656	1.436145	1.15001E-06
1478.988	1.436129	1.14989E-06
1480.32	1.436112	1.14975E-06
1481.652	1.436096	1.1496E-06
1482.984	1.43608	1.14942E-06
1484.316	1.436064	1.14924E-06
1485.648	1.436048	1.14903E-06
1486.98	1.436032	1.14881E-06
1488.312	1.436016	1.14857E-06
1489.644	1.436001	1.14832E-06
1490.976	1.435985	1.14805E-06
1492.308	1.435969	1.14777E-06
1493.64	1.435954	1.14747E-06
1494.972	1.435938	1.14715E-06
1496.304	1.435923	1.14682E-06
1497.636	1.435907	1.14647E-06
1498.968	1.435892	1.1461E-06
1500.3	1.435877	1.14572E-06
1501.632	1.435862	1.14533E-06
1502.964	1.435847	1.14492E-06
1504.296	1.435832	1.14449E-06
1505.628	1.435817	1.14405E-06
1506.96	1.435802	1.14359E-06
1508.292	1.435787	1.14311E-06
1509.624	1.435772	1.14263E-06
1510.956	1.435758	1.14212E-06
1512.288	1.435743	1.1416E-06
1513.62	1.435728	1.14107E-06
1514.952	1.435714	1.14052E-06
1516.284	1.4357	1.13996E-06
1517.616	1.435685	1.13938E-06
1518.948	1.435671	1.13878E-06
1520.28	1.435657	1.13817E-06
1521.612	1.435642	1.13755E-06
1522.944	1.435628	1.13691E-06
1524.276	1.435614	1.13626E-06
1525.608	1.4356	1.13559E-06
1526.94	1.435586	1.13491E-06
1528.272	1.435572	1.13422E-06
1529.604	1.435559	1.1335E-06
1530.936	1.435545	1.13278E-06
1532.268	1.435531	1.13204E-06
1533.6	1.435518	1.13129E-06
1534.932	1.435504	1.13052E-06
1536.264	1.435491	1.12974E-06
1537.596	1.435477	1.12894E-06
1538.928	1.435464	1.12814E-06
1540.26	1.43545	1.12731E-06
1541.592	1.435437	1.12648E-06
1542.924	1.435424	1.12563E-06
1544.256	1.435411	1.12476E-06
1545.588	1.435398	1.12388E-06
1546.92	1.435385	1.12299E-06
1548.252	1.435372	1.12209E-06
1549.584	1.435359	1.12117E-06
1550.916	1.435346	1.12024E-06
1552.248	1.435333	1.1193E-06
1553.58	1.43532	1.11834E-06
1554.912	1.435307	1.11737E-06
1556.244	1.435295	1.11639E-06
1557.576	1.435282	1.11539E-06
1558.908	1.43527	1.11438E-06
1560.24	1.435257	1.11336E-06
1561.572	1.435245	1.11232E-06
1562.904	1.435232	1.11128E-06
1564.236	1.43522	1.11022E-06
1565.568	1.435208	1.10915E-06
1566.9	1.435195	1.10806E-06
1568.232	1.435183	1.10697E-06
1569.564	1.435171	1.10586E-06
1570.896	1.435159	1.10473E-06
1572.228	1.435147	1.1036E-06
1573.56	1.435135	1.10246E-06
1574.892	1.435123	1.1013E-06
1576.224	1.435111	1.10013E-06
1577.556	1.435099	1.09895E-06
1578.888	1.435087	1.09776E-06
1580.22	1.435076	1.09655E-06
1581.552	1.435064	1.09534E-06
1582.884	1.435052	1.09411E-06
1584.216	1.435041	1.09287E-06
1585.548	1.435029	1.09162E-06
1586.88	1.435018	1.09036E-06
1588.212	1.435006	1.08908E-06
1589.544	1.434995	1.0878E-06
1590.876	1.434984	1.08651E-06
1592.208	1.434972	1.0852E-06
1593.54	1.434961	1.08388E-06
1594.872	1.43495	1.08255E-06
1596.204	1.434939	1.08122E-06
1597.536	1.434928	1.07987E-06
1598.868	1.434917	1.07851E-06
1600.2	1.434905	1.07714E-06
1601.532	1.434895	1.07576E-06
1602.864	1.434884	1.07436E-06
1604.196	1.434873	1.07296E-06
1605.528	1.434862	1.07155E-06
1606.86	1.434851	1.07013E-06
1608.192	1.43484	1.0687E-06
1609.524	1.43483	1.06725E-06
1610.856	1.434819	1.0658E-06
1612.188	1.434808	1.06434E-06
1613.52	1.434798	1.06287E-06
1614.852	1.434787	1.06139E-06
1616.184	1.434777	1.05989E-06
1617.516	1.434766	1.05839E-06
1618.848	1.434756	1.05688E-06
1620.18	1.434746	1.05536E-06
1621.512	1.434735	1.05384E-06
1622.844	1.434725	1.0523E-06
1624.176	1.434715	1.05075E-06
1625.508	1.434705	1.04919E-06
1626.84	1.434694	1.04763E-06
1628.172	1.434684	1.04605E-06
1629.504	1.434674	1.04447E-06
1630.836	1.434664	1.04288E-06
1632.168	1.434654	1.04128E-06
1633.5	1.434644	1.03967E-06
1634.832	1.434634	1.03805E-06
1636.164	1.434625	1.03642E-06
1637.496	1.434615	1.03479E-06
1638.828	1.434605	1.03314E-06
1640.16	1.434595	1.03149E-06
1641.492	1.434586	1.02983E-06
1642.824	1.434576	1.02816E-06
1644.156	1.434566	1.02648E-06
1645.488	1.434557	1.0248E-06
1646.82	1.434547	1.02311E-06
1648.152	1.434538	1.02141E-06
1649.484	1.434528	1.0197E-06
1650.816	1.434519	1.01798E-06
1652.148	1.434509	1.01626E-06
1653.48	1.4345	1.01453E-06
1654.812	1.434491	1.01279E-06
1656.144	1.434481	1.01105E-06
1657.476	1.434472	1.00929E-06
1658.808	1.434463	1.00753E-06
1660.14	1.434454	1.00577E-06
1661.472	1.434445	1.00399E-06
1662.804	1.434436	1.00221E-06
1664.136	1.434426	1.00042E-06
1665.468	1.434417	9.98626E-07
1666.8	1.434408	9.96824E-07
1668.132	1.4344	9.95015E-07
1669.464	1.434391	9.93199E-07
1670.796	1.434382	9.91377E-07
1672.128	1.434373	9.89548E-07
1673.46	1.434364	9.87713E-07
1674.792	1.434355	9.85871E-07
1676.124	1.434347	9.84023E-07
1677.456	1.434338	9.82169E-07
1678.788	1.434329	9.80309E-07
1680.12	1.434321	9.78442E-07
1681.452	1.434312	9.7657E-07
1682.784	1.434303	9.74691E-07
1684.116	1.434295	9.72807E-07
1685.448	1.434286	9.70917E-07
1686.78	1.434278	9.69021E-07
1688.112	1.434269	9.6712E-07
1689.444	1.434261	9.65212E-07
1690.776	1.434253	9.633E-07
1692.108	1.434244	9.61382E-07
1693.44	1.434236	9.59458E-07
1694.772	1.434228	9.57529E-07
1696.104	1.43422	9.55595E-07
1697.436	1.434211	9.53656E-07
1698.768	1.434203	9.51711E-07
1700.1	1.434195	9.49762E-07
1701.432	1.434187	9.47807E-07
1702.764	1.434179	9.45848E-07
1704.096	1.434171	9.43884E-07
1705.428	1.434163	9.41915E-07
1706.76	1.434155	9.39941E-07
1708.092	1.434147	9.37963E-07
1709.424	1.434139	9.3598E-07
1710.756	1.434131	9.33993E-07
1712.088	1.434123	9.32001E-07
1713.42	1.434115	9.30004E-07
1714.752	1.434108	9.28004E-07
1716.084	1.4341	9.25999E-07
1717.416	1.434092	9.2399E-07
1718.748	1.434084	9.21977E-07
1720.08	1.434077	9.1996E-07
1721.412	1.434069	9.17939E-07
1722.744	1.434061	9.15914E-07
1724.076	1.434054	9.13885E-07
1725.408	1.434046	9.11852E-07
1726.74	1.434039	9.09816E-07
1728.072	1.434031	9.07776E-07
1729.404	1.434024	9.05732E-07
1730.736	1.434016	9.03685E-07
1732.068	1.434009	9.01635E-07
1733.4	1.434002	8.99581E-07
1734.732	1.433994	8.97523E-07
1736.064	1.433987	8.95463E-07
1737.396	1.43398	8.93399E-07
1738.728	1.433972	8.91332E-07
1740.06	1.433965	8.89262E-07
1741.392	1.433958	8.87189E-07
1742.724	1.433951	8.85113E-07
1744.056	1.433943	8.83034E-07
1745.388	1.433936	8.80952E-07
1746.72	1.433929	8.78867E-07
1748.052	1.433922	8.7678E-07
1749.384	1.433915	8.7469E-07
1750.716	1.433908	8.72597E-07
1752.048	1.433901	8.70502E-07
1753.38	1.433894	8.68405E-07
1754.712	1.433887	8.66305E-07
1756.044	1.43388	8.64202E-07
1757.376	1.433873	8.62098E-07
1758.708	1.433866	8.59991E-07
1760.04	1.43386	8.57882E-07
1761.372	1.433853	8.5577E-07
1762.704	1.433846	8.53657E-07
1764.036	1.433839	8.51542E-07
1765.368	1.433832	8.49424E-07
1766.7	1.433826	8.47305E-07
1768.032	1.433819	8.45184E-07
1769.364	1.433812	8.43061E-07
1770.696	1.433806	8.40937E-07
1772.028	1.433799	8.3881E-07
1773.36	1.433793	8.36683E-07
1774.692	1.433786	8.34553E-07
1776.024	1.433779	8.32422E-07
1777.356	1.433773	8.3029E-07
1778.688	1.433766	8.28156E-07
1780.02	1.43376	8.26021E-07
1781.352	1.433754	8.23884E-07
1782.684	1.433747	8.21747E-07
1784.016	1.433741	8.19608E-07
1785.348	1.433734	8.17468E-07
1786.68	1.433728	8.15327E-07
1788.012	1.433722	8.13185E-07
1789.344	1.433715	8.11042E-07
1790.676	1.433709	8.08898E-07
1792.008	1.433703	8.06753E-07
1793.34	1.433697	8.04607E-07
1794.672	1.43369	8.02461E-07
1796.004	1.433684	8.00314E-07
1797.336	1.433678	7.98166E-07
1798.668	1.433672	7.96017E-07
1800	1.433666	7.93868E-07
1813.07	1.44069	0.000000001
1970.09	1.43851	0.000000001
2058.1	1.43722	0.000000001
2152.6	1.43576	0.000000001
2325.42	1.43292	0.000000001
2437.4	1.43095	0.000000001
2500.4	1.43	0.000000001
