290.00000000 	3.00000000 	0.01000000 
380.00000000 	2.79100000 	0.00078000 
390.00000000 	2.74054500 	0.00088080 
391.00000000 	2.73690300 	0.00084062 
392.00000000 	2.73330400 	0.00080228 
393.00000000 	2.72974700 	0.00076569 
394.00000000 	2.72623000 	0.00073077 
395.00000000 	2.72275500 	0.00069744 
396.00000000 	2.71931900 	0.00066563 
397.00000000 	2.71592300 	0.00063527 
398.00000000 	2.71256500 	0.00060630 
399.00000000 	2.70924600 	0.00057864 
400.00000000 	2.70596500 	0.00055225 
401.00000000 	2.70272100 	0.00052706 
402.00000000 	2.69951400 	0.00050302 
403.00000000 	2.69634300 	0.00048008 
404.00000000 	2.69320700 	0.00045819 
405.00000000 	2.69010700 	0.00043729 
406.00000000 	2.68704100 	0.00041734 
407.00000000 	2.68401000 	0.00039831 
408.00000000 	2.68101200 	0.00038014 
409.00000000 	2.67804800 	0.00036280 
410.00000000 	2.67511600 	0.00034626 
411.00000000 	2.67221700 	0.00033046 
412.00000000 	2.66935000 	0.00031539 
413.00000000 	2.66651400 	0.00030101 
414.00000000 	2.66370900 	0.00028728 
415.00000000 	2.66093400 	0.00027418 
416.00000000 	2.65819000 	0.00026167 
417.00000000 	2.65547600 	0.00024974 
418.00000000 	2.65279100 	0.00023835 
419.00000000 	2.65013500 	0.00022747 
420.00000000 	2.64750800 	0.00021710 
421.00000000 	2.64490800 	0.00020720 
422.00000000 	2.64233700 	0.00019775 
423.00000000 	2.63979300 	0.00018873 
424.00000000 	2.63727600 	0.00018012 
425.00000000 	2.63478600 	0.00017191 
426.00000000 	2.63232200 	0.00016406 
427.00000000 	2.62988400 	0.00015658 
428.00000000 	2.62747200 	0.00014944 
429.00000000 	2.62508500 	0.00014262 
430.00000000 	2.62272300 	0.00013612 
431.00000000 	2.62038600 	0.00012991 
432.00000000 	2.61807300 	0.00012399 
433.00000000 	2.61578500 	0.00011833 
434.00000000 	2.61352000 	0.00011293 
435.00000000 	2.61127800 	0.00010778 
436.00000000 	2.60905900 	0.00010287 
437.00000000 	2.60686400 	0.00009818 
438.00000000 	2.60469000 	0.00009370 
439.00000000 	2.60253900 	0.00008942 
440.00000000 	2.60041000 	0.00008535 
441.00000000 	2.59830300 	0.00008145 
442.00000000 	2.59621600 	0.00007774 
443.00000000 	2.59415100 	0.00007419 
444.00000000 	2.59210700 	0.00007081 
445.00000000 	2.59008400 	0.00006758 
446.00000000 	2.58808000 	0.00006450 
447.00000000 	2.58609700 	0.00006155 
448.00000000 	2.58413400 	0.00005875 
449.00000000 	2.58219000 	0.00005607 
450.00000000 	2.58026500 	0.00005351 
451.00000000 	2.57836000 	0.00005107 
452.00000000 	2.57647300 	0.00004874 
453.00000000 	2.57460500 	0.00004652 
454.00000000 	2.57275500 	0.00004440 
455.00000000 	2.57092300 	0.00004237 
456.00000000 	2.56911000 	0.00004044 
457.00000000 	2.56731400 	0.00003859 
458.00000000 	2.56553500 	0.00003683 
459.00000000 	2.56377400 	0.00003515 
460.00000000 	2.56203000 	0.00003355 
461.00000000 	2.56030200 	0.00003202 
462.00000000 	2.55859200 	0.00003056 
463.00000000 	2.55689700 	0.00002917 
464.00000000 	2.55521900 	0.00002784 
465.00000000 	2.55355700 	0.00002657 
466.00000000 	2.55191100 	0.00002535 
467.00000000 	2.55028000 	0.00002420 
468.00000000 	2.54866500 	0.00002309 
469.00000000 	2.54706500 	0.00002204 
470.00000000 	2.54548100 	0.00002104 
471.00000000 	2.54391100 	0.00002008 
472.00000000 	2.54235600 	0.00001916 
473.00000000 	2.54081500 	0.00001829 
474.00000000 	2.53928900 	0.00001745 
475.00000000 	2.53777800 	0.00001666 
476.00000000 	2.53628000 	0.00001590 
477.00000000 	2.53479600 	0.00001517 
478.00000000 	2.53332600 	0.00001448 
479.00000000 	2.53186900 	0.00001382 
480.00000000 	2.53042600 	0.00001319 
481.00000000 	2.52899600 	0.00001259 
482.00000000 	2.52757900 	0.00001201 
483.00000000 	2.52617500 	0.00001147 
484.00000000 	2.52478400 	0.00001094 
485.00000000 	2.52340600 	0.00001044 
486.00000000 	2.52204000 	0.00000997 
487.00000000 	2.52068600 	0.00000951 
488.00000000 	2.51934500 	0.00000908 
489.00000000 	2.51801500 	0.00000866 
490.00000000 	2.51669800 	0.00000827 
491.00000000 	2.51539300 	0.00000789 
492.00000000 	2.51409900 	0.00000753 
493.00000000 	2.51281600 	0.00000719 
494.00000000 	2.51154600 	0.00000686 
495.00000000 	2.51028600 	0.00000655 
496.00000000 	2.50903700 	0.00000625 
497.00000000 	2.50780000 	0.00000596 
498.00000000 	2.50657400 	0.00000569 
499.00000000 	2.50535800 	0.00000543 
500.00000000 	2.50415300 	0.00000519 
501.00000000 	2.50295800 	0.00000495 
502.00000000 	2.50177400 	0.00000472 
503.00000000 	2.50060000 	0.00000451 
504.00000000 	2.49943700 	0.00000430 
505.00000000 	2.49828300 	0.00000411 
506.00000000 	2.49714000 	0.00000392 
507.00000000 	2.49600600 	0.00000374 
508.00000000 	2.49488200 	0.00000357 
509.00000000 	2.49376800 	0.00000341 
510.00000000 	2.49266300 	0.00000325 
511.00000000 	2.49156800 	0.00000310 
512.00000000 	2.49048200 	0.00000296 
513.00000000 	2.48940500 	0.00000283 
514.00000000 	2.48833800 	0.00000270 
515.00000000 	2.48727900 	0.00000257 
516.00000000 	2.48623000 	0.00000246 
517.00000000 	2.48518900 	0.00000234 
518.00000000 	2.48415700 	0.00000224 
519.00000000 	2.48313400 	0.00000214 
520.00000000 	2.48211900 	0.00000204 
521.00000000 	2.48111300 	0.00000195 
522.00000000 	2.48011500 	0.00000186 
523.00000000 	2.47912500 	0.00000177 
524.00000000 	2.47814400 	0.00000169 
525.00000000 	2.47717100 	0.00000161 
526.00000000 	2.47620500 	0.00000154 
527.00000000 	2.47524800 	0.00000147 
528.00000000 	2.47429900 	0.00000140 
529.00000000 	2.47335700 	0.00000134 
530.00000000 	2.47242300 	0.00000128 
531.00000000 	2.47149700 	0.00000122 
532.00000000 	2.47057800 	0.00000116 
533.00000000 	2.46966700 	0.00000111 
534.00000000 	2.46876300 	0.00000106 
535.00000000 	2.46786600 	0.00000101 
536.00000000 	2.46697700 	0.00000097 
537.00000000 	2.46609500 	0.00000092 
538.00000000 	2.46522000 	0.00000088 
539.00000000 	2.46435200 	0.00000084 
540.00000000 	2.46349100 	0.00000080 
541.00000000 	2.46263600 	0.00000076 
542.00000000 	2.46178900 	0.00000073 
543.00000000 	2.46094800 	0.00000070 
544.00000000 	2.46011400 	0.00000066 
545.00000000 	2.45928700 	0.00000063 
546.00000000 	2.45846600 	0.00000061 
547.00000000 	2.45765100 	0.00000058 
548.00000000 	2.45684300 	0.00000055 
549.00000000 	2.45604200 	0.00000053 
550.00000000 	2.45524600 	0.00000050 
551.00000000 	2.45445700 	0.00000048 
552.00000000 	2.45367400 	0.00000046 
553.00000000 	2.45289700 	0.00000044 
554.00000000 	2.45212600 	0.00000042 
555.00000000 	2.45136100 	0.00000040 
556.00000000 	2.45060200 	0.00000038 
557.00000000 	2.44984900 	0.00000036 
558.00000000 	2.44910100 	0.00000035 
559.00000000 	2.44836000 	0.00000033 
560.00000000 	2.44762400 	0.00000032 
561.00000000 	2.44689300 	0.00000030 
562.00000000 	2.44616800 	0.00000029 
563.00000000 	2.44544900 	0.00000027 
564.00000000 	2.44473500 	0.00000026 
565.00000000 	2.44402700 	0.00000025 
566.00000000 	2.44332400 	0.00000024 
567.00000000 	2.44262600 	0.00000023 
568.00000000 	2.44193300 	0.00000022 
569.00000000 	2.44124600 	0.00000021 
570.00000000 	2.44056400 	0.00000020 
571.00000000 	2.43988700 	0.00000019 
572.00000000 	2.43921500 	0.00000018 
573.00000000 	2.43854800 	0.00000017 
574.00000000 	2.43788600 	0.00000016 
575.00000000 	2.43722800 	0.00000016 
576.00000000 	2.43657600 	0.00000015 
577.00000000 	2.43592900 	0.00000014 
578.00000000 	2.43528600 	0.00000014 
579.00000000 	2.43464800 	0.00000013 
580.00000000 	2.43401500 	0.00000012 
581.00000000 	2.43338600 	0.00000012 
582.00000000 	2.43276200 	0.00000011 
583.00000000 	2.43214200 	0.00000011 
584.00000000 	2.43152700 	0.00000010 
585.00000000 	2.43091700 	0.00000010 
586.00000000 	2.43031100 	0.00000009 
587.00000000 	2.42970900 	0.00000009 
588.00000000 	2.42911200 	0.00000009 
589.00000000 	2.42851800 	0.00000008 
590.00000000 	2.42793000 	0.00000008 
591.00000000 	2.42734500 	0.00000007 
592.00000000 	2.42676500 	0.00000007 
593.00000000 	2.42618800 	0.00000007 
594.00000000 	2.42561600 	0.00000006 
595.00000000 	2.42504800 	0.00000006 
596.00000000 	2.42448400 	0.00000006 
597.00000000 	2.42392400 	0.00000006 
598.00000000 	2.42336800 	0.00000005 
599.00000000 	2.42281600 	0.00000005 
600.00000000 	2.42226700 	0.00000005 
601.00000000 	2.42172300 	0.00000005 
602.00000000 	2.42118200 	0.00000004 
603.00000000 	2.42064500 	0.00000004 
604.00000000 	2.42011200 	0.00000004 
605.00000000 	2.41958300 	0.00000004 
606.00000000 	2.41905700 	0.00000004 
607.00000000 	2.41853500 	0.00000004 
608.00000000 	2.41801700 	0.00000003 
609.00000000 	2.41750200 	0.00000003 
610.00000000 	2.41699100 	0.00000003 
611.00000000 	2.41648300 	0.00000003 
612.00000000 	2.41597900 	0.00000003 
613.00000000 	2.41547800 	0.00000003 
614.00000000 	2.41498000 	0.00000003 
615.00000000 	2.41448600 	0.00000002 
616.00000000 	2.41399600 	0.00000002 
617.00000000 	2.41350800 	0.00000002 
618.00000000 	2.41302400 	0.00000002 
619.00000000 	2.41254400 	0.00000002 
620.00000000 	2.41206600 	0.00000002 
621.00000000 	2.41159200 	0.00000002 
622.00000000 	2.41112100 	0.00000002 
623.00000000 	2.41065300 	0.00000002 
624.00000000 	2.41018800 	0.00000002 
625.00000000 	2.40972700 	0.00000002 
626.00000000 	2.40926800 	0.00000001 
627.00000000 	2.40881300 	0.00000001 
628.00000000 	2.40836000 	0.00000001 
629.00000000 	2.40791100 	0.00000001 
630.00000000 	2.40746400 	0.00000001 
631.00000000 	2.40702100 	0.00000001 
632.00000000 	2.40658000 	0.00000001 
633.00000000 	2.40614300 	0.00000001 
634.00000000 	2.40570800 	0.00000001 
635.00000000 	2.40527600 	0.00000001 
636.00000000 	2.40484700 	0.00000001 
637.00000000 	2.40442100 	0.00000001 
638.00000000 	2.40399700 	0.00000001 
639.00000000 	2.40357600 	0.00000001 
640.00000000 	2.40315800 	0.00000001 
641.00000000 	2.40274300 	0.00000001 
642.00000000 	2.40233100 	0.00000001 
643.00000000 	2.40192100 	0.00000001 
644.00000000 	2.40151300 	0.00000001 
645.00000000 	2.40110900 	0.00000001 
646.00000000 	2.40070700 	0.00000001 
647.00000000 	2.40030700 	0.00000001 
648.00000000 	2.39991000 	0.00000001 
649.00000000 	2.39951600 	0.00000000 
650.00000000 	2.39912400 	0.00000000 
651.00000000 	2.39873500 	0.00000000 
652.00000000 	2.39834800 	0.00000000 
653.00000000 	2.39796300 	0.00000000 
654.00000000 	2.39758100 	0.00000000 
655.00000000 	2.39720200 	0.00000000 
656.00000000 	2.39682400 	0.00000000 
657.00000000 	2.39645000 	0.00000000 
658.00000000 	2.39607700 	0.00000000 
659.00000000 	2.39570700 	0.00000000 
660.00000000 	2.39533900 	0.00000000 
661.00000000 	2.39497400 	0.00000000 
662.00000000 	2.39461100 	0.00000000 
663.00000000 	2.39425000 	0.00000000 
664.00000000 	2.39389100 	0.00000000 
665.00000000 	2.39353400 	0.00000000 
666.00000000 	2.39318000 	0.00000000 
667.00000000 	2.39282800 	0.00000000 
668.00000000 	2.39247800 	0.00000000 
669.00000000 	2.39213000 	0.00000000 
670.00000000 	2.39178500 	0.00000000 
671.00000000 	2.39144100 	0.00000000 
672.00000000 	2.39110000 	0.00000000 
673.00000000 	2.39076100 	0.00000000 
674.00000000 	2.39042300 	0.00000000 
675.00000000 	2.39008800 	0.00000000 
676.00000000 	2.38975500 	0.00000000 
677.00000000 	2.38942400 	0.00000000 
678.00000000 	2.38909500 	0.00000000 
679.00000000 	2.38876800 	0.00000000 
680.00000000 	2.38844200 	0.00000000 
681.00000000 	2.38811900 	0.00000000 
682.00000000 	2.38779800 	0.00000000 
683.00000000 	2.38747900 	0.00000000 
684.00000000 	2.38716100 	0.00000000 
685.00000000 	2.38684600 	0.00000000 
686.00000000 	2.38653200 	0.00000000 
687.00000000 	2.38622000 	0.00000000 
688.00000000 	2.38591000 	0.00000000 
689.00000000 	2.38560200 	0.00000000 
690.00000000 	2.38529600 	0.00000000 
691.00000000 	2.38499200 	0.00000000 
692.00000000 	2.38468900 	0.00000000 
693.00000000 	2.38438800 	0.00000000 
694.00000000 	2.38408900 	0.00000000 
695.00000000 	2.38379200 	0.00000000 
696.00000000 	2.38349600 	0.00000000 
697.00000000 	2.38320200 	0.00000000 
698.00000000 	2.38291000 	0.00000000 
699.00000000 	2.38262000 	0.00000000 
700.00000000 	2.38233100 	0.00000000 
701.00000000 	2.38204400 	0.00000000 
702.00000000 	2.38175900 	0.00000000 
703.00000000 	2.38147500 	0.00000000 
704.00000000 	2.38119300 	0.00000000 
705.00000000 	2.38091200 	0.00000000 
706.00000000 	2.38063400 	0.00000000 
707.00000000 	2.38035600 	0.00000000 
708.00000000 	2.38008100 	0.00000000 
709.00000000 	2.37980700 	0.00000000 
710.00000000 	2.37953400 	0.00000000 
711.00000000 	2.37926300 	0.00000000 
712.00000000 	2.37899400 	0.00000000 
713.00000000 	2.37872600 	0.00000000 
714.00000000 	2.37845900 	0.00000000 
715.00000000 	2.37819500 	0.00000000 
716.00000000 	2.37793100 	0.00000000 
717.00000000 	2.37766900 	0.00000000 
718.00000000 	2.37740900 	0.00000000 
719.00000000 	2.37715000 	0.00000000 
720.00000000 	2.37689300 	0.00000000 
721.00000000 	2.37663700 	0.00000000 
722.00000000 	2.37638200 	0.00000000 
723.00000000 	2.37612900 	0.00000000 
724.00000000 	2.37587700 	0.00000000 
725.00000000 	2.37562700 	0.00000000 
726.00000000 	2.37537800 	0.00000000 
727.00000000 	2.37513000 	0.00000000 
728.00000000 	2.37488400 	0.00000000 
729.00000000 	2.37463900 	0.00000000 
730.00000000 	2.37439600 	0.00000000 
731.00000000 	2.37415400 	0.00000000 
732.00000000 	2.37391300 	0.00000000 
733.00000000 	2.37367400 	0.00000000 
734.00000000 	2.37343500 	0.00000000 
735.00000000 	2.37319900 	0.00000000 
736.00000000 	2.37296300 	0.00000000 
737.00000000 	2.37272900 	0.00000000 
738.00000000 	2.37249600 	0.00000000 
739.00000000 	2.37226400 	0.00000000 
740.00000000 	2.37203400 	0.00000000 
741.00000000 	2.37180400 	0.00000000 
742.00000000 	2.37157600 	0.00000000 
743.00000000 	2.37135000 	0.00000000 
744.00000000 	2.37112400 	0.00000000 
745.00000000 	2.37090000 	0.00000000 
746.00000000 	2.37067700 	0.00000000 
747.00000000 	2.37045500 	0.00000000 
748.00000000 	2.37023400 	0.00000000 
749.00000000 	2.37001500 	0.00000000 
750.00000000 	2.36979600 	0.00000000 
751.00000000 	2.36957900 	0.00000000 
752.00000000 	2.36936300 	0.00000000 
753.00000000 	2.36914800 	0.00000000 
754.00000000 	2.36893500 	0.00000000 
755.00000000 	2.36872200 	0.00000000 
756.00000000 	2.36851000 	0.00000000 
757.00000000 	2.36830000 	0.00000000 
758.00000000 	2.36809100 	0.00000000 
759.00000000 	2.36788300 	0.00000000 
760.00000000 	2.36767600 	0.00000000 
761.00000000 	2.36747000 	0.00000000 
762.00000000 	2.36726500 	0.00000000 
763.00000000 	2.36706100 	0.00000000 
764.00000000 	2.36685800 	0.00000000 
765.00000000 	2.36665700 	0.00000000 
766.00000000 	2.36645600 	0.00000000 
767.00000000 	2.36625600 	0.00000000 
768.00000000 	2.36605800 	0.00000000 
769.00000000 	2.36586000 	0.00000000 
770.00000000 	2.36566400 	0.00000000 
771.00000000 	2.36546800 	0.00000000 
772.00000000 	2.36527400 	0.00000000 
773.00000000 	2.36508000 	0.00000000 
774.00000000 	2.36488800 	0.00000000 
775.00000000 	2.36469600 	0.00000000 
776.00000000 	2.36450600 	0.00000000 
777.00000000 	2.36431600 	0.00000000 
778.00000000 	2.36412700 	0.00000000 
779.00000000 	2.36394000 	0.00000000 
780.00000000 	2.36375300 	0.00000000 
781.00000000 	2.36356700 	0.00000000 
782.00000000 	2.36338300 	0.00000000 
783.00000000 	2.36319900 	0.00000000 
784.00000000 	2.36301600 	0.00000000 
785.00000000 	2.36283400 	0.00000000 
786.00000000 	2.36265300 	0.00000000 
787.00000000 	2.36247300 	0.00000000 
788.00000000 	2.36229300 	0.00000000 
789.00000000 	2.36211500 	0.00000000 
790.00000000 	2.36193800 	0.00000000 
791.00000000 	2.36176100 	0.00000000 
792.00000000 	2.36158500 	0.00000000 
793.00000000 	2.36141000 	0.00000000 
794.00000000 	2.36123600 	0.00000000 
795.00000000 	2.36106300 	0.00000000 
796.00000000 	2.36089100 	0.00000000 
797.00000000 	2.36072000 	0.00000000 
798.00000000 	2.36054900 	0.00000000 
799.00000000 	2.36038000 	0.00000000 
800.00000000 	2.36021100 	0.00000000 
801.00000000 	2.36004300 	0.00000000 
802.00000000 	2.35987500 	0.00000000 
803.00000000 	2.35970900 	0.00000000 
804.00000000 	2.35954400 	0.00000000 
805.00000000 	2.35937900 	0.00000000 
806.00000000 	2.35921500 	0.00000000 
807.00000000 	2.35905200 	0.00000000 
808.00000000 	2.35888900 	0.00000000 
809.00000000 	2.35872800 	0.00000000 
810.00000000 	2.35856700 	0.00000000 
811.00000000 	2.35840700 	0.00000000 
812.00000000 	2.35824800 	0.00000000 
813.00000000 	2.35808900 	0.00000000 
814.00000000 	2.35793200 	0.00000000 
815.00000000 	2.35777500 	0.00000000 
816.00000000 	2.35761900 	0.00000000 
817.00000000 	2.35746300 	0.00000000 
818.00000000 	2.35730800 	0.00000000 
819.00000000 	2.35715400 	0.00000000 
820.00000000 	2.35700100 	0.00000000 
821.00000000 	2.35684900 	0.00000000 
822.00000000 	2.35669700 	0.00000000 
823.00000000 	2.35654600 	0.00000000 
824.00000000 	2.35639600 	0.00000000 
825.00000000 	2.35624600 	0.00000000 
826.00000000 	2.35609700 	0.00000000 
827.00000000 	2.35594900 	0.00000000 
828.00000000 	2.35580200 	0.00000000 
829.00000000 	2.35565500 	0.00000000 
830.00000000 	2.35550900 	0.00000000 
831.00000000 	2.35536300 	0.00000000 
832.00000000 	2.35521900 	0.00000000 
833.00000000 	2.35507500 	0.00000000 
834.00000000 	2.35493100 	0.00000000 
835.00000000 	2.35478800 	0.00000000 
836.00000000 	2.35464600 	0.00000000 
837.00000000 	2.35450500 	0.00000000 
838.00000000 	2.35436400 	0.00000000 
839.00000000 	2.35422400 	0.00000000 
840.00000000 	2.35408500 	0.00000000 
841.00000000 	2.35394600 	0.00000000 
842.00000000 	2.35380800 	0.00000000 
843.00000000 	2.35367000 	0.00000000 
844.00000000 	2.35353400 	0.00000000 
845.00000000 	2.35339700 	0.00000000 
846.00000000 	2.35326200 	0.00000000 
847.00000000 	2.35312700 	0.00000000 
848.00000000 	2.35299200 	0.00000000 
849.00000000 	2.35285900 	0.00000000 
850.00000000 	2.35272600 	0.00000000 
851.00000000 	2.35259300 	0.00000000 
852.00000000 	2.35246100 	0.00000000 
853.00000000 	2.35233000 	0.00000000 
854.00000000 	2.35219900 	0.00000000 
855.00000000 	2.35206900 	0.00000000 
856.00000000 	2.35193900 	0.00000000 
857.00000000 	2.35181000 	0.00000000 
858.00000000 	2.35168200 	0.00000000 
859.00000000 	2.35155400 	0.00000000 
860.00000000 	2.35142700 	0.00000000 
861.00000000 	2.35130000 	0.00000000 
862.00000000 	2.35117400 	0.00000000 
863.00000000 	2.35104900 	0.00000000 
864.00000000 	2.35092400 	0.00000000 
865.00000000 	2.35079900 	0.00000000 
866.00000000 	2.35067600 	0.00000000 
867.00000000 	2.35055200 	0.00000000 
868.00000000 	2.35043000 	0.00000000 
869.00000000 	2.35030700 	0.00000000 
870.00000000 	2.35018600 	0.00000000 
871.00000000 	2.35006500 	0.00000000 
872.00000000 	2.34994400 	0.00000000 
873.00000000 	2.34982400 	0.00000000 
874.00000000 	2.34970400 	0.00000000 
875.00000000 	2.34958500 	0.00000000 
876.00000000 	2.34946700 	0.00000000 
877.00000000 	2.34934900 	0.00000000 
878.00000000 	2.34923200 	0.00000000 
879.00000000 	2.34911500 	0.00000000 
880.00000000 	2.34899800 	0.00000000 
881.00000000 	2.34888200 	0.00000000 
882.00000000 	2.34876700 	0.00000000 
883.00000000 	2.34865200 	0.00000000 
884.00000000 	2.34853800 	0.00000000 
885.00000000 	2.34842400 	0.00000000 
886.00000000 	2.34831100 	0.00000000 
887.00000000 	2.34819800 	0.00000000 
888.00000000 	2.34808500 	0.00000000 
889.00000000 	2.34797300 	0.00000000 
890.00000000 	2.34786200 	0.00000000 
891.00000000 	2.34775100 	0.00000000 
892.00000000 	2.34764000 	0.00000000 
893.00000000 	2.34753000 	0.00000000 
894.00000000 	2.34742100 	0.00000000 
895.00000000 	2.34731200 	0.00000000 
896.00000000 	2.34720300 	0.00000000 
897.00000000 	2.34709500 	0.00000000 
898.00000000 	2.34698700 	0.00000000 
899.00000000 	2.34688000 	0.00000000 
900.00000000 	2.34677300 	0.00000000 
901.00000000 	2.34666700 	0.00000000 
902.00000000 	2.34656100 	0.00000000 
903.00000000 	2.34645600 	0.00000000 
904.00000000 	2.34635100 	0.00000000 
905.00000000 	2.34624600 	0.00000000 
906.00000000 	2.34614200 	0.00000000 
907.00000000 	2.34603900 	0.00000000 
908.00000000 	2.34593500 	0.00000000 
909.00000000 	2.34583300 	0.00000000 
910.00000000 	2.34573000 	0.00000000 
911.00000000 	2.34562800 	0.00000000 
912.00000000 	2.34552700 	0.00000000 
913.00000000 	2.34542600 	0.00000000 
914.00000000 	2.34532500 	0.00000000 
915.00000000 	2.34522500 	0.00000000 
916.00000000 	2.34512500 	0.00000000 
917.00000000 	2.34502600 	0.00000000 
918.00000000 	2.34492700 	0.00000000 
919.00000000 	2.34482800 	0.00000000 
920.00000000 	2.34473000 	0.00000000 
921.00000000 	2.34463200 	0.00000000 
922.00000000 	2.34453500 	0.00000000 
923.00000000 	2.34443800 	0.00000000 
924.00000000 	2.34434100 	0.00000000 
925.00000000 	2.34424500 	0.00000000 
926.00000000 	2.34415000 	0.00000000 
927.00000000 	2.34405400 	0.00000000 
928.00000000 	2.34395900 	0.00000000 
929.00000000 	2.34386500 	0.00000000 
930.00000000 	2.34377000 	0.00000000 
931.00000000 	2.34367700 	0.00000000 
932.00000000 	2.34358300 	0.00000000 
933.00000000 	2.34349000 	0.00000000 
934.00000000 	2.34339700 	0.00000000 
935.00000000 	2.34330500 	0.00000000 
936.00000000 	2.34321300 	0.00000000 
937.00000000 	2.34312200 	0.00000000 
938.00000000 	2.34303000 	0.00000000 
939.00000000 	2.34294000 	0.00000000 
940.00000000 	2.34284900 	0.00000000 
941.00000000 	2.34275900 	0.00000000 
942.00000000 	2.34266900 	0.00000000 
943.00000000 	2.34258000 	0.00000000 
944.00000000 	2.34249100 	0.00000000 
945.00000000 	2.34240200 	0.00000000 
946.00000000 	2.34231400 	0.00000000 
947.00000000 	2.34222600 	0.00000000 
948.00000000 	2.34213900 	0.00000000 
949.00000000 	2.34205100 	0.00000000 
950.00000000 	2.34196400 	0.00000000 
951.00000000 	2.34187800 	0.00000000 
952.00000000 	2.34179200 	0.00000000 
953.00000000 	2.34170600 	0.00000000 
954.00000000 	2.34162000 	0.00000000 
955.00000000 	2.34153500 	0.00000000 
956.00000000 	2.34145000 	0.00000000 
957.00000000 	2.34136600 	0.00000000 
958.00000000 	2.34128100 	0.00000000 
959.00000000 	2.34119800 	0.00000000 
960.00000000 	2.34111400 	0.00000000 
961.00000000 	2.34103100 	0.00000000 
962.00000000 	2.34094800 	0.00000000 
963.00000000 	2.34086500 	0.00000000 
964.00000000 	2.34078300 	0.00000000 
965.00000000 	2.34070100 	0.00000000 
966.00000000 	2.34062000 	0.00000000 
967.00000000 	2.34053800 	0.00000000 
968.00000000 	2.34045700 	0.00000000 
969.00000000 	2.34037700 	0.00000000 
970.00000000 	2.34029600 	0.00000000 
971.00000000 	2.34021600 	0.00000000 
972.00000000 	2.34013700 	0.00000000 
973.00000000 	2.34005700 	0.00000000 
974.00000000 	2.33997800 	0.00000000 
975.00000000 	2.33989900 	0.00000000 
976.00000000 	2.33982100 	0.00000000 
977.00000000 	2.33974300 	0.00000000 
978.00000000 	2.33966500 	0.00000000 
979.00000000 	2.33958700 	0.00000000 
980.00000000 	2.33951000 	0.00000000 
981.00000000 	2.33943300 	0.00000000 
982.00000000 	2.33935600 	0.00000000 
983.00000000 	2.33928000 	0.00000000 
984.00000000 	2.33920400 	0.00000000 
985.00000000 	2.33912800 	0.00000000 
986.00000000 	2.33905200 	0.00000000 
987.00000000 	2.33897700 	0.00000000 
988.00000000 	2.33890200 	0.00000000 
989.00000000 	2.33882700 	0.00000000 
990.00000000 	2.33875300 	0.00000000 
991.00000000 	2.33867900 	0.00000000 
992.00000000 	2.33860500 	0.00000000 
993.00000000 	2.33853200 	0.00000000 
994.00000000 	2.33845800 	0.00000000 
995.00000000 	2.33838500 	0.00000000 
996.00000000 	2.33831200 	0.00000000 
997.00000000 	2.33824000 	0.00000000 
998.00000000 	2.33816800 	0.00000000 
999.00000000 	2.33809600 	0.00000000 
1000.00000000 	2.33802400 	0.00000000 
1001.00000000 	2.33795300 	0.00000000 
1002.00000000 	2.33788200 	0.00000000 
1003.00000000 	2.33781100 	0.00000000 
1004.00000000 	2.33774000 	0.00000000 
1005.00000000 	2.33767000 	0.00000000 
1006.00000000 	2.33760000 	0.00000000 
1007.00000000 	2.33753000 	0.00000000 
1008.00000000 	2.33746000 	0.00000000 
1009.00000000 	2.33739100 	0.00000000 
1010.00000000 	2.33732200 	0.00000000 
1011.00000000 	2.33725300 	0.00000000 
1012.00000000 	2.33718500 	0.00000000 
1013.00000000 	2.33711600 	0.00000000 
1014.00000000 	2.33704800 	0.00000000 
1015.00000000 	2.33698100 	0.00000000 
1016.00000000 	2.33691300 	0.00000000 
1017.00000000 	2.33684600 	0.00000000 
1018.00000000 	2.33677900 	0.00000000 
1019.00000000 	2.33671200 	0.00000000 
1020.00000000 	2.33664500 	0.00000000 
1021.00000000 	2.33657900 	0.00000000 
1022.00000000 	2.33651300 	0.00000000 
1023.00000000 	2.33644700 	0.00000000 
1024.00000000 	2.33638100 	0.00000000 
1025.00000000 	2.33631600 	0.00000000 
1026.00000000 	2.33625100 	0.00000000 
1027.00000000 	2.33618600 	0.00000000 
1028.00000000 	2.33612100 	0.00000000 
1029.00000000 	2.33605700 	0.00000000 
1030.00000000 	2.33599300 	0.00000000 
1031.00000000 	2.33592900 	0.00000000 
1032.00000000 	2.33586500 	0.00000000 
1033.00000000 	2.33580100 	0.00000000 
1034.00000000 	2.33573800 	0.00000000 
1035.00000000 	2.33567500 	0.00000000 
1036.00000000 	2.33561200 	0.00000000 
1037.00000000 	2.33555000 	0.00000000 
1038.00000000 	2.33548700 	0.00000000 
1039.00000000 	2.33542500 	0.00000000 
1040.00000000 	2.33536300 	0.00000000 
1041.00000000 	2.33530100 	0.00000000 
1042.00000000 	2.33524000 	0.00000000 
1043.00000000 	2.33517900 	0.00000000 
1044.00000000 	2.33511700 	0.00000000 
1045.00000000 	2.33505700 	0.00000000 
1046.00000000 	2.33499600 	0.00000000 
1047.00000000 	2.33493600 	0.00000000 
1048.00000000 	2.33487500 	0.00000000 
1049.00000000 	2.33481500 	0.00000000 
1050.00000000 	2.33475600 	0.00000000 
1051.00000000 	2.33469600 	0.00000000 
1052.00000000 	2.33463700 	0.00000000 
1053.00000000 	2.33457700 	0.00000000 
1054.00000000 	2.33451800 	0.00000000 
1055.00000000 	2.33446000 	0.00000000 
1056.00000000 	2.33440100 	0.00000000 
1057.00000000 	2.33434300 	0.00000000 
1058.00000000 	2.33428500 	0.00000000 
1059.00000000 	2.33422700 	0.00000000 
1060.00000000 	2.33416900 	0.00000000 
1061.00000000 	2.33411100 	0.00000000 
1062.00000000 	2.33405400 	0.00000000 
1063.00000000 	2.33399700 	0.00000000 
1064.00000000 	2.33394000 	0.00000000 
1065.00000000 	2.33388300 	0.00000000 
1066.00000000 	2.33382700 	0.00000000 
1067.00000000 	2.33377000 	0.00000000 
1068.00000000 	2.33371400 	0.00000000 
1069.00000000 	2.33365800 	0.00000000 
1070.00000000 	2.33360200 	0.00000000 
1071.00000000 	2.33354700 	0.00000000 
1072.00000000 	2.33349100 	0.00000000 
1073.00000000 	2.33343600 	0.00000000 
1074.00000000 	2.33338100 	0.00000000 
1075.00000000 	2.33332600 	0.00000000 
1076.00000000 	2.33327200 	0.00000000 
1077.00000000 	2.33321700 	0.00000000 
1078.00000000 	2.33316300 	0.00000000 
1079.00000000 	2.33310900 	0.00000000 
1080.00000000 	2.33305500 	0.00000000 
1081.00000000 	2.33300100 	0.00000000 
1082.00000000 	2.33294800 	0.00000000 
1083.00000000 	2.33289400 	0.00000000 
1084.00000000 	2.33284100 	0.00000000 
1085.00000000 	2.33278800 	0.00000000 
1086.00000000 	2.33273500 	0.00000000 
1087.00000000 	2.33268200 	0.00000000 
1088.00000000 	2.33263000 	0.00000000 
1089.00000000 	2.33257800 	0.00000000 
1090.00000000 	2.33252600 	0.00000000 
1091.00000000 	2.33247400 	0.00000000 
1092.00000000 	2.33242200 	0.00000000 
1093.00000000 	2.33237000 	0.00000000 
1094.00000000 	2.33231900 	0.00000000 
1095.00000000 	2.33226800 	0.00000000 
1096.00000000 	2.33221600 	0.00000000 
1097.00000000 	2.33216600 	0.00000000 
1098.00000000 	2.33211500 	0.00000000 
1099.00000000 	2.33206400 	0.00000000 
1100.00000000 	2.33201400 	0.00000000 
1101.00000000 	2.33196400 	0.00000000 
1102.00000000 	2.33191300 	0.00000000 
1103.00000000 	2.33186400 	0.00000000 
1104.00000000 	2.33181400 	0.00000000 
1105.00000000 	2.33176400 	0.00000000 
1106.00000000 	2.33171500 	0.00000000 
1107.00000000 	2.33166600 	0.00000000 
1108.00000000 	2.33161600 	0.00000000 
1109.00000000 	2.33156700 	0.00000000 
1110.00000000 	2.33151900 	0.00000000 
1111.00000000 	2.33147000 	0.00000000 
1112.00000000 	2.33142200 	0.00000000 
1113.00000000 	2.33137300 	0.00000000 
1114.00000000 	2.33132500 	0.00000000 
1115.00000000 	2.33127700 	0.00000000 
1116.00000000 	2.33122900 	0.00000000 
1117.00000000 	2.33118200 	0.00000000 
1118.00000000 	2.33113400 	0.00000000 
1119.00000000 	2.33108700 	0.00000000 
1120.00000000 	2.33104000 	0.00000000 
1121.00000000 	2.33099200 	0.00000000 
1122.00000000 	2.33094600 	0.00000000 
1123.00000000 	2.33089900 	0.00000000 
1124.00000000 	2.33085200 	0.00000000 
1125.00000000 	2.33080600 	0.00000000 
1126.00000000 	2.33075900 	0.00000000 
1127.00000000 	2.33071300 	0.00000000 
1128.00000000 	2.33066700 	0.00000000 
1129.00000000 	2.33062100 	0.00000000 
1130.00000000 	2.33057600 	0.00000000 
1131.00000000 	2.33053000 	0.00000000 
1132.00000000 	2.33048500 	0.00000000 
1133.00000000 	2.33043900 	0.00000000 
1134.00000000 	2.33039400 	0.00000000 
1135.00000000 	2.33034900 	0.00000000 
1136.00000000 	2.33030400 	0.00000000 
1137.00000000 	2.33026000 	0.00000000 
1138.00000000 	2.33021500 	0.00000000 
1139.00000000 	2.33017100 	0.00000000 
1140.00000000 	2.33012600 	0.00000000 
1141.00000000 	2.33008200 	0.00000000 
1142.00000000 	2.33003800 	0.00000000 
1143.00000000 	2.32999400 	0.00000000 
1144.00000000 	2.32995100 	0.00000000 
1145.00000000 	2.32990700 	0.00000000 
1146.00000000 	2.32986400 	0.00000000 
1147.00000000 	2.32982000 	0.00000000 
1148.00000000 	2.32977700 	0.00000000 
1149.00000000 	2.32973400 	0.00000000 
1150.00000000 	2.32969100 	0.00000000 
1151.00000000 	2.32964800 	0.00000000 
1152.00000000 	2.32960600 	0.00000000 
1153.00000000 	2.32956300 	0.00000000 
1154.00000000 	2.32952100 	0.00000000 
1155.00000000 	2.32947900 	0.00000000 
1156.00000000 	2.32943700 	0.00000000 
1157.00000000 	2.32939500 	0.00000000 
1158.00000000 	2.32935300 	0.00000000 
1159.00000000 	2.32931100 	0.00000000 
1160.00000000 	2.32926900 	0.00000000 
1161.00000000 	2.32922800 	0.00000000 
1162.00000000 	2.32918700 	0.00000000 
1163.00000000 	2.32914500 	0.00000000 
1164.00000000 	2.32910400 	0.00000000 
1165.00000000 	2.32906300 	0.00000000 
1166.00000000 	2.32902300 	0.00000000 
1167.00000000 	2.32898200 	0.00000000 
1168.00000000 	2.32894100 	0.00000000 
1169.00000000 	2.32890100 	0.00000000 
1170.00000000 	2.32886100 	0.00000000 
1171.00000000 	2.32882000 	0.00000000 
1172.00000000 	2.32878000 	0.00000000 
1173.00000000 	2.32874000 	0.00000000 
1174.00000000 	2.32870000 	0.00000000 
1175.00000000 	2.32866100 	0.00000000 
1176.00000000 	2.32862100 	0.00000000 
1177.00000000 	2.32858200 	0.00000000 
1178.00000000 	2.32854200 	0.00000000 
1179.00000000 	2.32850300 	0.00000000 
1180.00000000 	2.32846400 	0.00000000 
1181.00000000 	2.32842500 	0.00000000 
1182.00000000 	2.32838600 	0.00000000 
1183.00000000 	2.32834700 	0.00000000 
1184.00000000 	2.32830900 	0.00000000 
1185.00000000 	2.32827000 	0.00000000 
1186.00000000 	2.32823200 	0.00000000 
1187.00000000 	2.32819300 	0.00000000 
1188.00000000 	2.32815500 	0.00000000 
1189.00000000 	2.32811700 	0.00000000 
1190.00000000 	2.32807900 	0.00000000 
1191.00000000 	2.32804100 	0.00000000 
1192.00000000 	2.32800400 	0.00000000 
1193.00000000 	2.32796600 	0.00000000 
1194.00000000 	2.32792900 	0.00000000 
1195.00000000 	2.32789100 	0.00000000 
1196.00000000 	2.32785400 	0.00000000 
1197.00000000 	2.32781700 	0.00000000 
1198.00000000 	2.32778000 	0.00000000 
1199.00000000 	2.32774300 	0.00000000 
1200.00000000 	2.32770600 	0.00000000 
1201.00000000 	2.32766900 	0.00000000 
1202.00000000 	2.32763300 	0.00000000 
1203.00000000 	2.32759600 	0.00000000 
1204.00000000 	2.32756000 	0.00000000 
1205.00000000 	2.32752400 	0.00000000 
1206.00000000 	2.32748700 	0.00000000 
1207.00000000 	2.32745100 	0.00000000 
1208.00000000 	2.32741500 	0.00000000 
1209.00000000 	2.32737900 	0.00000000 
1210.00000000 	2.32734400 	0.00000000 
1211.00000000 	2.32730800 	0.00000000 
1212.00000000 	2.32727300 	0.00000000 
1213.00000000 	2.32723700 	0.00000000 
1214.00000000 	2.32720200 	0.00000000 
1215.00000000 	2.32716700 	0.00000000 
1216.00000000 	2.32713100 	0.00000000 
1217.00000000 	2.32709600 	0.00000000 
1218.00000000 	2.32706100 	0.00000000 
1219.00000000 	2.32702700 	0.00000000 
1220.00000000 	2.32699200 	0.00000000 
1221.00000000 	2.32695700 	0.00000000 
1222.00000000 	2.32692300 	0.00000000 
1223.00000000 	2.32688800 	0.00000000 
1224.00000000 	2.32685400 	0.00000000 
1225.00000000 	2.32682000 	0.00000000 
1226.00000000 	2.32678600 	0.00000000 
1227.00000000 	2.32675200 	0.00000000 
1228.00000000 	2.32671800 	0.00000000 
1229.00000000 	2.32668400 	0.00000000 
1230.00000000 	2.32665000 	0.00000000 
1231.00000000 	2.32661700 	0.00000000 
1232.00000000 	2.32658300 	0.00000000 
1233.00000000 	2.32655000 	0.00000000 
1234.00000000 	2.32651600 	0.00000000 
1235.00000000 	2.32648300 	0.00000000 
1236.00000000 	2.32645000 	0.00000000 
1237.00000000 	2.32641700 	0.00000000 
1238.00000000 	2.32638400 	0.00000000 
1239.00000000 	2.32635100 	0.00000000 
1240.00000000 	2.32631800 	0.00000000 
1241.00000000 	2.32628600 	0.00000000 
1242.00000000 	2.32625300 	0.00000000 
1243.00000000 	2.32622100 	0.00000000 
1244.00000000 	2.32618800 	0.00000000 
1245.00000000 	2.32615600 	0.00000000 
1246.00000000 	2.32612400 	0.00000000 
1247.00000000 	2.32609100 	0.00000000 
1248.00000000 	2.32605900 	0.00000000 
1249.00000000 	2.32602800 	0.00000000 
1250.00000000 	2.32599600 	0.00000000 
1251.00000000 	2.32596400 	0.00000000 
1252.00000000 	2.32593200 	0.00000000 
1253.00000000 	2.32590100 	0.00000000 
1254.00000000 	2.32586900 	0.00000000 
1255.00000000 	2.32583800 	0.00000000 
1256.00000000 	2.32580600 	0.00000000 
1257.00000000 	2.32577500 	0.00000000 
1258.00000000 	2.32574400 	0.00000000 
1259.00000000 	2.32571300 	0.00000000 
1260.00000000 	2.32568200 	0.00000000 
1261.00000000 	2.32565100 	0.00000000 
1262.00000000 	2.32562000 	0.00000000 
1263.00000000 	2.32559000 	0.00000000 
1264.00000000 	2.32555900 	0.00000000 
1265.00000000 	2.32552900 	0.00000000 
1266.00000000 	2.32549800 	0.00000000 
1267.00000000 	2.32546800 	0.00000000 
1268.00000000 	2.32543700 	0.00000000 
1269.00000000 	2.32540700 	0.00000000 
1270.00000000 	2.32537700 	0.00000000 
1271.00000000 	2.32534700 	0.00000000 
1272.00000000 	2.32531700 	0.00000000 
1273.00000000 	2.32528700 	0.00000000 
1274.00000000 	2.32525800 	0.00000000 
1275.00000000 	2.32522800 	0.00000000 
1276.00000000 	2.32519800 	0.00000000 
1277.00000000 	2.32516900 	0.00000000 
1278.00000000 	2.32513900 	0.00000000 
1279.00000000 	2.32511000 	0.00000000 
1280.00000000 	2.32508100 	0.00000000 
1281.00000000 	2.32505100 	0.00000000 
1282.00000000 	2.32502200 	0.00000000 
1283.00000000 	2.32499300 	0.00000000 
1284.00000000 	2.32496400 	0.00000000 
1285.00000000 	2.32493500 	0.00000000 
1286.00000000 	2.32490600 	0.00000000 
1287.00000000 	2.32487800 	0.00000000 
1288.00000000 	2.32484900 	0.00000000 
1289.00000000 	2.32482100 	0.00000000 
1290.00000000 	2.32479200 	0.00000000 
1291.00000000 	2.32476400 	0.00000000 
1292.00000000 	2.32473500 	0.00000000 
1293.00000000 	2.32470700 	0.00000000 
1294.00000000 	2.32467900 	0.00000000 
1295.00000000 	2.32465100 	0.00000000 
1296.00000000 	2.32462300 	0.00000000 
1297.00000000 	2.32459500 	0.00000000 
1298.00000000 	2.32456700 	0.00000000 
1299.00000000 	2.32453900 	0.00000000 
1300.00000000 	2.32451100 	0.00000000 
1301.00000000 	2.32448400 	0.00000000 
1302.00000000 	2.32445600 	0.00000000 
1303.00000000 	2.32442800 	0.00000000 
1304.00000000 	2.32440100 	0.00000000 
1305.00000000 	2.32437400 	0.00000000 
1306.00000000 	2.32434600 	0.00000000 
1307.00000000 	2.32431900 	0.00000000 
1308.00000000 	2.32429200 	0.00000000 
1309.00000000 	2.32426500 	0.00000000 
1310.00000000 	2.32423800 	0.00000000 
1311.00000000 	2.32421100 	0.00000000 
1312.00000000 	2.32418400 	0.00000000 
1313.00000000 	2.32415700 	0.00000000 
1314.00000000 	2.32413100 	0.00000000 
1315.00000000 	2.32410400 	0.00000000 
1316.00000000 	2.32407700 	0.00000000 
1317.00000000 	2.32405100 	0.00000000 
1318.00000000 	2.32402400 	0.00000000 
1319.00000000 	2.32399800 	0.00000000 
1320.00000000 	2.32397200 	0.00000000 
1321.00000000 	2.32394600 	0.00000000 
1322.00000000 	2.32391900 	0.00000000 
1323.00000000 	2.32389300 	0.00000000 
1324.00000000 	2.32386700 	0.00000000 
1325.00000000 	2.32384100 	0.00000000 
1326.00000000 	2.32381600 	0.00000000 
1327.00000000 	2.32379000 	0.00000000 
1328.00000000 	2.32376400 	0.00000000 
1329.00000000 	2.32373800 	0.00000000 
1330.00000000 	2.32371300 	0.00000000 
1331.00000000 	2.32368700 	0.00000000 
1332.00000000 	2.32366200 	0.00000000 
1333.00000000 	2.32363600 	0.00000000 
1334.00000000 	2.32361100 	0.00000000 
1335.00000000 	2.32358600 	0.00000000 
1336.00000000 	2.32356000 	0.00000000 
1337.00000000 	2.32353500 	0.00000000 
1338.00000000 	2.32351000 	0.00000000 
1339.00000000 	2.32348500 	0.00000000 
1340.00000000 	2.32346000 	0.00000000 
1341.00000000 	2.32343500 	0.00000000 
1342.00000000 	2.32341100 	0.00000000 
1343.00000000 	2.32338600 	0.00000000 
1344.00000000 	2.32336100 	0.00000000 
1345.00000000 	2.32333700 	0.00000000 
1346.00000000 	2.32331200 	0.00000000 
1347.00000000 	2.32328700 	0.00000000 
1348.00000000 	2.32326300 	0.00000000 
1349.00000000 	2.32323900 	0.00000000 
1350.00000000 	2.32321400 	0.00000000 
1351.00000000 	2.32319000 	0.00000000 
1352.00000000 	2.32316600 	0.00000000 
1353.00000000 	2.32314200 	0.00000000 
1354.00000000 	2.32311800 	0.00000000 
1355.00000000 	2.32309400 	0.00000000 
1356.00000000 	2.32307000 	0.00000000 
1357.00000000 	2.32304600 	0.00000000 
1358.00000000 	2.32302200 	0.00000000 
1359.00000000 	2.32299800 	0.00000000 
1360.00000000 	2.32297500 	0.00000000 
1361.00000000 	2.32295100 	0.00000000 
1362.00000000 	2.32292700 	0.00000000 
1363.00000000 	2.32290400 	0.00000000 
1364.00000000 	2.32288100 	0.00000000 
1365.00000000 	2.32285700 	0.00000000 
1366.00000000 	2.32283400 	0.00000000 
1367.00000000 	2.32281100 	0.00000000 
1368.00000000 	2.32278700 	0.00000000 
1369.00000000 	2.32276400 	0.00000000 
1370.00000000 	2.32274100 	0.00000000 
1371.00000000 	2.32271800 	0.00000000 
1372.00000000 	2.32269500 	0.00000000 
1373.00000000 	2.32267200 	0.00000000 
1374.00000000 	2.32264900 	0.00000000 
1375.00000000 	2.32262600 	0.00000000 
1376.00000000 	2.32260400 	0.00000000 
1377.00000000 	2.32258100 	0.00000000 
1378.00000000 	2.32255800 	0.00000000 
1379.00000000 	2.32253600 	0.00000000 
1380.00000000 	2.32251300 	0.00000000 
1381.00000000 	2.32249100 	0.00000000 
1382.00000000 	2.32246800 	0.00000000 
1383.00000000 	2.32244600 	0.00000000 
1384.00000000 	2.32242400 	0.00000000 
1385.00000000 	2.32240100 	0.00000000 
1386.00000000 	2.32237900 	0.00000000 
1387.00000000 	2.32235700 	0.00000000 
1388.00000000 	2.32233500 	0.00000000 
1389.00000000 	2.32231300 	0.00000000 
1390.00000000 	2.32229100 	0.00000000 
1391.00000000 	2.32226900 	0.00000000 
1392.00000000 	2.32224700 	0.00000000 
1393.00000000 	2.32222600 	0.00000000 
1394.00000000 	2.32220400 	0.00000000 
1395.00000000 	2.32218200 	0.00000000 
1396.00000000 	2.32216000 	0.00000000 
1397.00000000 	2.32213900 	0.00000000 
1398.00000000 	2.32211700 	0.00000000 
1399.00000000 	2.32209600 	0.00000000 
1400.00000000 	2.32207400 	0.00000000 
1401.00000000 	2.32205300 	0.00000000 
1402.00000000 	2.32203200 	0.00000000 
1403.00000000 	2.32201000 	0.00000000 
1404.00000000 	2.32198900 	0.00000000 
1405.00000000 	2.32196800 	0.00000000 
1406.00000000 	2.32194700 	0.00000000 
1407.00000000 	2.32192600 	0.00000000 
1408.00000000 	2.32190500 	0.00000000 
1409.00000000 	2.32188400 	0.00000000 
1410.00000000 	2.32186300 	0.00000000 
1411.00000000 	2.32184200 	0.00000000 
1412.00000000 	2.32182100 	0.00000000 
1413.00000000 	2.32180100 	0.00000000 
1414.00000000 	2.32178000 	0.00000000 
1415.00000000 	2.32175900 	0.00000000 
1416.00000000 	2.32173900 	0.00000000 
1417.00000000 	2.32171800 	0.00000000 
1418.00000000 	2.32169800 	0.00000000 
1419.00000000 	2.32167700 	0.00000000 
1420.00000000 	2.32165700 	0.00000000 
1421.00000000 	2.32163600 	0.00000000 
1422.00000000 	2.32161600 	0.00000000 
1423.00000000 	2.32159600 	0.00000000 
1424.00000000 	2.32157600 	0.00000000 
1425.00000000 	2.32155500 	0.00000000 
1426.00000000 	2.32153500 	0.00000000 
1427.00000000 	2.32151500 	0.00000000 
1428.00000000 	2.32149500 	0.00000000 
1429.00000000 	2.32147500 	0.00000000 
1430.00000000 	2.32145500 	0.00000000 
1431.00000000 	2.32143600 	0.00000000 
1432.00000000 	2.32141600 	0.00000000 
1433.00000000 	2.32139600 	0.00000000 
1434.00000000 	2.32137600 	0.00000000 
1435.00000000 	2.32135700 	0.00000000 
1436.00000000 	2.32133700 	0.00000000 
1437.00000000 	2.32131700 	0.00000000 
1438.00000000 	2.32129800 	0.00000000 
1439.00000000 	2.32127800 	0.00000000 
1440.00000000 	2.32125900 	0.00000000 
1441.00000000 	2.32123900 	0.00000000 
1442.00000000 	2.32122000 	0.00000000 
1443.00000000 	2.32120100 	0.00000000 
1444.00000000 	2.32118200 	0.00000000 
1445.00000000 	2.32116200 	0.00000000 
1446.00000000 	2.32114300 	0.00000000 
1447.00000000 	2.32112400 	0.00000000 
1448.00000000 	2.32110500 	0.00000000 
1449.00000000 	2.32108600 	0.00000000 
1450.00000000 	2.32106700 	0.00000000 
1451.00000000 	2.32104800 	0.00000000 
1452.00000000 	2.32102900 	0.00000000 
1453.00000000 	2.32101000 	0.00000000 
1454.00000000 	2.32099100 	0.00000000 
1455.00000000 	2.32097300 	0.00000000 
1456.00000000 	2.32095400 	0.00000000 
1457.00000000 	2.32093500 	0.00000000 
1458.00000000 	2.32091700 	0.00000000 
1459.00000000 	2.32089800 	0.00000000 
1460.00000000 	2.32087900 	0.00000000 
1461.00000000 	2.32086100 	0.00000000 
1462.00000000 	2.32084200 	0.00000000 
1463.00000000 	2.32082400 	0.00000000 
1464.00000000 	2.32080600 	0.00000000 
1465.00000000 	2.32078700 	0.00000000 
1466.00000000 	2.32076900 	0.00000000 
1467.00000000 	2.32075100 	0.00000000 
1468.00000000 	2.32073300 	0.00000000 
1469.00000000 	2.32071400 	0.00000000 
1470.00000000 	2.32069600 	0.00000000 
1471.00000000 	2.32067800 	0.00000000 
1472.00000000 	2.32066000 	0.00000000 
1473.00000000 	2.32064200 	0.00000000 
1474.00000000 	2.32062400 	0.00000000 
1475.00000000 	2.32060600 	0.00000000 
1476.00000000 	2.32058900 	0.00000000 
1477.00000000 	2.32057100 	0.00000000 
1478.00000000 	2.32055300 	0.00000000 
1479.00000000 	2.32053500 	0.00000000 
1480.00000000 	2.32051700 	0.00000000 
1481.00000000 	2.32050000 	0.00000000 
1482.00000000 	2.32048200 	0.00000000 
1483.00000000 	2.32046500 	0.00000000 
1484.00000000 	2.32044700 	0.00000000 
1485.00000000 	2.32043000 	0.00000000 
1486.00000000 	2.32041200 	0.00000000 
1487.00000000 	2.32039500 	0.00000000 
1488.00000000 	2.32037700 	0.00000000 
1489.00000000 	2.32036000 	0.00000000 
1490.00000000 	2.32034300 	0.00000000 
1491.00000000 	2.32032500 	0.00000000 
1492.00000000 	2.32030800 	0.00000000 
1493.00000000 	2.32029100 	0.00000000 
1494.00000000 	2.32027400 	0.00000000 
1495.00000000 	2.32025700 	0.00000000 
1496.00000000 	2.32024000 	0.00000000 
1497.00000000 	2.32022300 	0.00000000 
1498.00000000 	2.32020600 	0.00000000 
1499.00000000 	2.32018900 	0.00000000 
1500.00000000 	2.32017200 	0.00000000 
1501.00000000 	2.32015500 	0.00000000 
1502.00000000 	2.32013800 	0.00000000 
1503.00000000 	2.32012100 	0.00000000 
1504.00000000 	2.32010500 	0.00000000 
1505.00000000 	2.32008800 	0.00000000 
1506.00000000 	2.32007100 	0.00000000 
1507.00000000 	2.32005500 	0.00000000 
1508.00000000 	2.32003800 	0.00000000 
1509.00000000 	2.32002100 	0.00000000 
1510.00000000 	2.32000500 	0.00000000 
1511.00000000 	2.31998800 	0.00000000 
1512.00000000 	2.31997200 	0.00000000 
1513.00000000 	2.31995500 	0.00000000 
1514.00000000 	2.31993900 	0.00000000 
1515.00000000 	2.31992300 	0.00000000 
1516.00000000 	2.31990600 	0.00000000 
1517.00000000 	2.31989000 	0.00000000 
1518.00000000 	2.31987400 	0.00000000 
1519.00000000 	2.31985800 	0.00000000 
1520.00000000 	2.31984200 	0.00000000 
1521.00000000 	2.31982500 	0.00000000 
1522.00000000 	2.31980900 	0.00000000 
1523.00000000 	2.31979300 	0.00000000 
1524.00000000 	2.31977700 	0.00000000 
1525.00000000 	2.31976100 	0.00000000 
1526.00000000 	2.31974500 	0.00000000 
1527.00000000 	2.31972900 	0.00000000 
1528.00000000 	2.31971400 	0.00000000 
1529.00000000 	2.31969800 	0.00000000 
1530.00000000 	2.31968200 	0.00000000 
1531.00000000 	2.31966600 	0.00000000 
1532.00000000 	2.31965000 	0.00000000 
1533.00000000 	2.31963500 	0.00000000 
1534.00000000 	2.31961900 	0.00000000 
1535.00000000 	2.31960300 	0.00000000 
1536.00000000 	2.31958800 	0.00000000 
1537.00000000 	2.31957200 	0.00000000 
1538.00000000 	2.31955700 	0.00000000 
1539.00000000 	2.31954100 	0.00000000 
1540.00000000 	2.31952600 	0.00000000 
1541.00000000 	2.31951000 	0.00000000 
1542.00000000 	2.31949500 	0.00000000 
1543.00000000 	2.31948000 	0.00000000 
1544.00000000 	2.31946400 	0.00000000 
1545.00000000 	2.31944900 	0.00000000 
1546.00000000 	2.31943400 	0.00000000 
1547.00000000 	2.31941800 	0.00000000 
1548.00000000 	2.31940300 	0.00000000 
1549.00000000 	2.31938800 	0.00000000 
1550.00000000 	2.31937300 	0.00000000 
1551.00000000 	2.31935800 	0.00000000 
1552.00000000 	2.31934300 	0.00000000 
1553.00000000 	2.31932800 	0.00000000 
1554.00000000 	2.31931300 	0.00000000 
1555.00000000 	2.31929800 	0.00000000 
1556.00000000 	2.31928300 	0.00000000 
1557.00000000 	2.31926800 	0.00000000 
1558.00000000 	2.31925300 	0.00000000 
1559.00000000 	2.31923800 	0.00000000 
1560.00000000 	2.31922300 	0.00000000 
1561.00000000 	2.31920900 	0.00000000 
1562.00000000 	2.31919400 	0.00000000 
1563.00000000 	2.31917900 	0.00000000 
1564.00000000 	2.31916500 	0.00000000 
1565.00000000 	2.31915000 	0.00000000 
1566.00000000 	2.31913500 	0.00000000 
1567.00000000 	2.31912100 	0.00000000 
1568.00000000 	2.31910600 	0.00000000 
1569.00000000 	2.31909200 	0.00000000 
1570.00000000 	2.31907700 	0.00000000 
1571.00000000 	2.31906300 	0.00000000 
1572.00000000 	2.31904800 	0.00000000 
1573.00000000 	2.31903400 	0.00000000 
1574.00000000 	2.31902000 	0.00000000 
1575.00000000 	2.31900500 	0.00000000 
1576.00000000 	2.31899100 	0.00000000 
1577.00000000 	2.31897700 	0.00000000 
1578.00000000 	2.31896200 	0.00000000 
1579.00000000 	2.31894800 	0.00000000 
1580.00000000 	2.31893400 	0.00000000 
1581.00000000 	2.31892000 	0.00000000 
1582.00000000 	2.31890600 	0.00000000 
1583.00000000 	2.31889200 	0.00000000 
1584.00000000 	2.31887800 	0.00000000 
1585.00000000 	2.31886400 	0.00000000 
1586.00000000 	2.31885000 	0.00000000 
1587.00000000 	2.31883600 	0.00000000 
1588.00000000 	2.31882200 	0.00000000 
1589.00000000 	2.31880800 	0.00000000 
1590.00000000 	2.31879400 	0.00000000 
1591.00000000 	2.31878000 	0.00000000 
1592.00000000 	2.31876600 	0.00000000 
1593.00000000 	2.31875200 	0.00000000 
1594.00000000 	2.31873900 	0.00000000 
1595.00000000 	2.31872500 	0.00000000 
1596.00000000 	2.31871100 	0.00000000 
1597.00000000 	2.31869800 	0.00000000 
1598.00000000 	2.31868400 	0.00000000 
1599.00000000 	2.31867000 	0.00000000 
1600.00000000 	2.31865700 	0.00000000 
1601.00000000 	2.31864300 	0.00000000 
1602.00000000 	2.31863000 	0.00000000 
1603.00000000 	2.31861600 	0.00000000 
1604.00000000 	2.31860300 	0.00000000 
1605.00000000 	2.31858900 	0.00000000 
1606.00000000 	2.31857600 	0.00000000 
1607.00000000 	2.31856200 	0.00000000 
1608.00000000 	2.31854900 	0.00000000 
1609.00000000 	2.31853600 	0.00000000 
1610.00000000 	2.31852200 	0.00000000 
1611.00000000 	2.31850900 	0.00000000 
1612.00000000 	2.31849600 	0.00000000 
1613.00000000 	2.31848300 	0.00000000 
1614.00000000 	2.31846900 	0.00000000 
1615.00000000 	2.31845600 	0.00000000 
1616.00000000 	2.31844300 	0.00000000 
1617.00000000 	2.31843000 	0.00000000 
1618.00000000 	2.31841700 	0.00000000 
1619.00000000 	2.31840400 	0.00000000 
1620.00000000 	2.31839100 	0.00000000 
1621.00000000 	2.31837800 	0.00000000 
1622.00000000 	2.31836500 	0.00000000 
1623.00000000 	2.31835200 	0.00000000 
1624.00000000 	2.31833900 	0.00000000 
1625.00000000 	2.31832600 	0.00000000 
1626.00000000 	2.31831300 	0.00000000 
1627.00000000 	2.31830000 	0.00000000 
1628.00000000 	2.31828800 	0.00000000 
1629.00000000 	2.31827500 	0.00000000 
1630.00000000 	2.31826200 	0.00000000 
1631.00000000 	2.31824900 	0.00000000 
1632.00000000 	2.31823700 	0.00000000 
1633.00000000 	2.31822400 	0.00000000 
1634.00000000 	2.31821100 	0.00000000 
1635.00000000 	2.31819900 	0.00000000 
1636.00000000 	2.31818600 	0.00000000 
1637.00000000 	2.31817300 	0.00000000 
1638.00000000 	2.31816100 	0.00000000 
1639.00000000 	2.31814800 	0.00000000 
1640.00000000 	2.31813600 	0.00000000 
1641.00000000 	2.31812300 	0.00000000 
1642.00000000 	2.31811100 	0.00000000 
1643.00000000 	2.31809800 	0.00000000 
1644.00000000 	2.31808600 	0.00000000 
1645.00000000 	2.31807400 	0.00000000 
1646.00000000 	2.31806100 	0.00000000 
1647.00000000 	2.31804900 	0.00000000 
1648.00000000 	2.31803700 	0.00000000 
1649.00000000 	2.31802400 	0.00000000 
1650.00000000 	2.31801200 	0.00000000 
1651.00000000 	2.31800000 	0.00000000 
1652.00000000 	2.31798800 	0.00000000 
1653.00000000 	2.31797600 	0.00000000 
1654.00000000 	2.31796300 	0.00000000 
1655.00000000 	2.31795100 	0.00000000 
1656.00000000 	2.31793900 	0.00000000 
1657.00000000 	2.31792700 	0.00000000 
1658.00000000 	2.31791500 	0.00000000 
1659.00000000 	2.31790300 	0.00000000 
1660.00000000 	2.31789100 	0.00000000 
1661.00000000 	2.31787900 	0.00000000 
1662.00000000 	2.31786700 	0.00000000 
1663.00000000 	2.31785500 	0.00000000 
1664.00000000 	2.31784300 	0.00000000 
1665.00000000 	2.31783100 	0.00000000 
1666.00000000 	2.31781900 	0.00000000 
1667.00000000 	2.31780800 	0.00000000 
1668.00000000 	2.31779600 	0.00000000 
1669.00000000 	2.31778400 	0.00000000 
1670.00000000 	2.31777200 	0.00000000 
1671.00000000 	2.31776000 	0.00000000 
1672.00000000 	2.31774900 	0.00000000 
1673.00000000 	2.31773700 	0.00000000 
1674.00000000 	2.31772500 	0.00000000 
1675.00000000 	2.31771400 	0.00000000 
1676.00000000 	2.31770200 	0.00000000 
1677.00000000 	2.31769100 	0.00000000 
1678.00000000 	2.31767900 	0.00000000 
1679.00000000 	2.31766700 	0.00000000 
1680.00000000 	2.31765600 	0.00000000 
1681.00000000 	2.31764400 	0.00000000 
1682.00000000 	2.31763300 	0.00000000 
1683.00000000 	2.31762100 	0.00000000 
1684.00000000 	2.31761000 	0.00000000 
1685.00000000 	2.31759800 	0.00000000 
1686.00000000 	2.31758700 	0.00000000 
1687.00000000 	2.31757600 	0.00000000 
1688.00000000 	2.31756400 	0.00000000 
1689.00000000 	2.31755300 	0.00000000 
1690.00000000 	2.31754200 	0.00000000 
1691.00000000 	2.31753000 	0.00000000 
1692.00000000 	2.31751900 	0.00000000 
1693.00000000 	2.31750800 	0.00000000 
1694.00000000 	2.31749700 	0.00000000 
1695.00000000 	2.31748500 	0.00000000 
1696.00000000 	2.31747400 	0.00000000 
1697.00000000 	2.31746300 	0.00000000 
1698.00000000 	2.31745200 	0.00000000 
1699.00000000 	2.31744100 	0.00000000 
1700.00000000 	2.31743000 	0.00000000 
1701.00000000 	2.31741900 	0.00000000 
1702.00000000 	2.31740800 	0.00000000 
1703.00000000 	2.31739700 	0.00000000 
1704.00000000 	2.31738600 	0.00000000 
1705.00000000 	2.31737500 	0.00000000 
1706.00000000 	2.31736400 	0.00000000 
1707.00000000 	2.31735300 	0.00000000 
1708.00000000 	2.31734200 	0.00000000 
1709.00000000 	2.31733100 	0.00000000 
1710.00000000 	2.31732000 	0.00000000 
1711.00000000 	2.31730900 	0.00000000 
1712.00000000 	2.31729800 	0.00000000 
1713.00000000 	2.31728800 	0.00000000 
1714.00000000 	2.31727700 	0.00000000 
1715.00000000 	2.31726600 	0.00000000 
1716.00000000 	2.31725500 	0.00000000 
1717.00000000 	2.31724500 	0.00000000 
1718.00000000 	2.31723400 	0.00000000 
1719.00000000 	2.31722300 	0.00000000 
1720.00000000 	2.31721300 	0.00000000 
1721.00000000 	2.31720200 	0.00000000 
1722.00000000 	2.31719100 	0.00000000 
1723.00000000 	2.31718100 	0.00000000 
1724.00000000 	2.31717000 	0.00000000 
1725.00000000 	2.31715900 	0.00000000 
1726.00000000 	2.31714900 	0.00000000 
1727.00000000 	2.31713800 	0.00000000 
1728.00000000 	2.31712800 	0.00000000 
1729.00000000 	2.31711700 	0.00000000 
1730.00000000 	2.31710700 	0.00000000 
1731.00000000 	2.31709700 	0.00000000 
1732.00000000 	2.31708600 	0.00000000 
1733.00000000 	2.31707600 	0.00000000 
1734.00000000 	2.31706500 	0.00000000 
1735.00000000 	2.31705500 	0.00000000 
1736.00000000 	2.31704500 	0.00000000 
1737.00000000 	2.31703400 	0.00000000 
1738.00000000 	2.31702400 	0.00000000 
1739.00000000 	2.31701400 	0.00000000 
1740.00000000 	2.31700300 	0.00000000 
1741.00000000 	2.31699300 	0.00000000 
1742.00000000 	2.31698300 	0.00000000 
1743.00000000 	2.31697300 	0.00000000 
1744.00000000 	2.31696300 	0.00000000 
1745.00000000 	2.31695200 	0.00000000 
1746.00000000 	2.31694200 	0.00000000 
1747.00000000 	2.31693200 	0.00000000 
1748.00000000 	2.31692200 	0.00000000 
1749.00000000 	2.31691200 	0.00000000 
1750.00000000 	2.31690200 	0.00000000 
1751.00000000 	2.31689200 	0.00000000 
1752.00000000 	2.31688200 	0.00000000 
1753.00000000 	2.31687200 	0.00000000 
1754.00000000 	2.31686200 	0.00000000 
1755.00000000 	2.31685200 	0.00000000 
1756.00000000 	2.31684200 	0.00000000 
1757.00000000 	2.31683200 	0.00000000 
1758.00000000 	2.31682200 	0.00000000 
1759.00000000 	2.31681200 	0.00000000 
1760.00000000 	2.31680200 	0.00000000 
1761.00000000 	2.31679200 	0.00000000 
1762.00000000 	2.31678200 	0.00000000 
1763.00000000 	2.31677300 	0.00000000 
1764.00000000 	2.31676300 	0.00000000 
1765.00000000 	2.31675300 	0.00000000 
1766.00000000 	2.31674300 	0.00000000 
1767.00000000 	2.31673400 	0.00000000 
1768.00000000 	2.31672400 	0.00000000 
1769.00000000 	2.31671400 	0.00000000 
1770.00000000 	2.31670400 	0.00000000 
1771.00000000 	2.31669500 	0.00000000 
1772.00000000 	2.31668500 	0.00000000 
1773.00000000 	2.31667500 	0.00000000 
1774.00000000 	2.31666600 	0.00000000 
1775.00000000 	2.31665600 	0.00000000 
1776.00000000 	2.31664700 	0.00000000 
1777.00000000 	2.31663700 	0.00000000 
1778.00000000 	2.31662700 	0.00000000 
1779.00000000 	2.31661800 	0.00000000 
1780.00000000 	2.31660800 	0.00000000 
1781.00000000 	2.31659900 	0.00000000 
1782.00000000 	2.31658900 	0.00000000 
1783.00000000 	2.31658000 	0.00000000 
1784.00000000 	2.31657000 	0.00000000 
1785.00000000 	2.31656100 	0.00000000 
1786.00000000 	2.31655200 	0.00000000 
1787.00000000 	2.31654200 	0.00000000 
1788.00000000 	2.31653300 	0.00000000 
1789.00000000 	2.31652400 	0.00000000 
1790.00000000 	2.31651400 	0.00000000 
1791.00000000 	2.31650500 	0.00000000 
1792.00000000 	2.31649600 	0.00000000 
1793.00000000 	2.31648600 	0.00000000 
1794.00000000 	2.31647700 	0.00000000 
1795.00000000 	2.31646800 	0.00000000 
1796.00000000 	2.31645800 	0.00000000 
1797.00000000 	2.31644900 	0.00000000 
1798.00000000 	2.31644000 	0.00000000 
1799.00000000 	2.31643100 	0.00000000 
1800.00000000 	2.31642200 	0.00000000 
1900.00000000 	2.38210000 	0.00000000 
2000.00000000 	2.38210000 	0.00000000 
2100.00000000 	2.38210000 	0.00000000 
2200.00000000 	2.38210000 	0.00000000 
2300.00000000 	2.38210000 	0.00000000 
2400.00000000 	2.38210000 	0.00000000 
2500.00000000 	2.38210000 	0.00000000 
